1980
0 L 5 170  1
0 D 0 170  1
1 L 0 63  1
1 D 1 63  1
2 L 0 745  1
2 D 2 745  1
3 L 0 325  1
3 D 3 325  1
4 L 0 15  1
4 D 4 15  1
5 L 0 488  1
5 D 5 488  1
6 L 0 73  1
6 D 6 73  1
7 L 0 142  1
7 D 7 142  1
8 L 0 1843  1
8 D 8 1843  1
9 L 0 183  1
9 D 9 183  1
10 L 0 154  1
10 D 10 154  1
11 L 0 219  1
11 D 11 219  1
12 L 0 32  1
12 D 12 32  1
13 L 0 130  1
13 D 13 130  1
14 L 0 1052  1
14 D 14 1052  1
15 L 0 525  1
15 D 15 525  1
16 L 0 406  1
16 D 16 406  1
17 L 0 409  1
17 D 17 409  1
18 L 0 301  1
18 D 18 301  1
19 L 0 815  1
19 D 19 815  1
20 L 0 297  1
20 D 20 297  1
21 L 0 573  1
21 D 21 573  1
22 L 0 62  1
22 D 22 62  1
23 L 0 157  1
23 D 23 157  1
24 L 0 445  1
24 D 24 445  1
25 L 0 30  1
25 D 25 30  1
26 L 0 350  1
26 D 26 350  1
27 L 0 2  1
27 D 27 2  1
28 L 0 919  1
28 D 28 919  1
29 L 0 290  1
29 D 29 290  1
0 L 4 334  1
0 D 30 334  1
1 L 14 270  1
1 D 31 270  1
2 L 11 437  1
2 D 32 437  1
3 L 4 41  1
3 D 33 41  1
4 L 7 668  1
4 D 34 668  1
5 L 7 159  1
5 D 35 159  1
6 L 4 27  1
6 D 36 27  1
7 L 4 185  1
7 D 37 185  1
8 L 14 68  1
8 D 38 68  1
9 L 10 149  1
9 D 39 149  1
10 L 11 1344  1
10 D 40 1344  1
11 L 10 15  1
11 D 41 15  1
12 L 4 135  1
12 D 42 135  1
13 L 4 688  1
13 D 43 688  1
14 L 11 216  1
14 D 44 216  1
15 L 8 242  1
15 D 45 242  1
16 L 14 183  1
16 D 46 183  1
17 L 0 239  1
17 D 47 239  1
18 L 1 563  1
18 D 48 563  1
19 L 15 1514  1
19 D 49 1514  1
20 L 0 122  1
20 D 50 122  1
21 L 1 201  1
21 D 51 201  1
22 L 4 78  1
22 D 52 78  1
23 L 1 110  1
23 D 53 110  1
24 L 14 164  1
24 D 54 164  1
25 L 5 271  1
25 D 55 271  1
26 L 8 64  1
26 D 56 64  1
27 L 0 48  1
27 D 57 48  1
28 L 8 448  1
28 D 58 448  1
29 L 8 35  1
29 D 59 35  1
0 L 0 28  1
0 D 60 28  1
1 L 4 216  1
1 D 61 216  1
2 L 0 477  1
2 D 62 477  1
3 L 8 270  1
3 D 63 270  1
4 L 10 49  1
4 D 64 49  1
5 L 8 215  1
5 D 65 215  1
6 L 4 257  1
6 D 66 257  1
7 L 0 338  1
7 D 67 338  1
8 L 12 597  1
8 D 68 597  1
9 L 8 167  1
9 D 69 167  1
10 L 4 476  1
10 D 70 476  1
11 L 6 127  1
11 D 71 127  1
12 L 15 96  1
12 D 72 96  1
13 L 6 547  1
13 D 73 547  1
14 L 1 675  1
14 D 74 675  1
15 L 4 757  1
15 D 75 757  1
16 L 1 363  1
16 D 76 363  1
17 L 11 54  1
17 D 77 54  1
18 L 4 616  1
18 D 78 616  1
19 L 15 200  1
19 D 79 200  1
20 L 11 139  1
20 D 80 139  1
21 L 3 270  1
21 D 81 270  1
22 L 11 604  1
22 D 82 604  1
23 L 0 14  1
23 D 83 14  1
24 L 8 500  1
24 D 84 500  1
25 L 8 512  1
25 D 85 512  1
26 L 7 377  1
26 D 86 377  1
27 L 8 218  1
27 D 87 218  1
28 L 10 48  1
28 D 88 48  1
29 L 3 50  1
29 D 89 50  1
0 L 8 90  1
0 D 90 90  1
1 L 5 1201  1
1 D 91 1201  1
2 L 4 764  1
2 D 92 764  1
3 L 15 96  1
3 D 93 96  1
4 L 0 28  1
4 D 94 28  1
5 L 11 72  1
5 D 95 72  1
6 L 0 100  1
6 D 96 100  1
7 L 14 261  1
7 D 97 261  1
8 L 2 119  1
8 D 98 119  1
9 L 9 11  1
9 D 99 11  1
10 L 15 18  1
10 D 100 18  1
11 L 4 186  1
11 D 101 186  1
12 L 15 383  1
12 D 102 383  1
13 L 0 303  1
13 D 103 303  1
14 L 15 63  1
14 D 104 63  1
15 L 0 290  1
15 D 105 290  1
16 L 0 391  1
16 D 106 391  1
17 L 0 1357  1
17 D 107 1357  1
18 L 1 1313  1
18 D 108 1313  1
19 L 7 139  1
19 D 109 139  1
20 L 15 38  1
20 D 110 38  1
21 L 3 196  1
21 D 111 196  1
22 L 4 290  1
22 D 112 290  1
23 L 0 41  1
23 D 113 41  1
24 L 14 896  1
24 D 114 896  1
25 L 12 992  1
25 D 115 992  1
26 L 4 31  1
26 D 116 31  1
27 L 4 21  1
27 D 117 21  1
28 L 4 193  1
28 D 118 193  1
29 L 0 360  1
29 D 119 360  1
0 L 13 33  1
0 D 120 33  1
1 L 0 362  1
1 D 121 362  1
2 L 0 19  1
2 D 122 19  1
3 L 8 157  1
3 D 123 157  1
4 L 15 43  1
4 D 124 43  1
5 L 4 284  1
5 D 125 284  1
6 L 0 147  1
6 D 126 147  1
7 L 4 308  1
7 D 127 308  1
8 L 10 214  1
8 D 128 214  1
9 L 4 736  1
9 D 129 736  1
10 L 0 50  1
10 D 130 50  1
11 L 15 83  1
11 D 131 83  1
12 L 0 476  1
12 D 132 476  1
13 L 5 153  1
13 D 133 153  1
14 L 15 401  1
14 D 134 401  1
15 L 14 163  1
15 D 135 163  1
16 L 7 417  1
16 D 136 417  1
17 L 11 199  1
17 D 137 199  1
18 L 14 270  1
18 D 138 270  1
19 L 0 159  1
19 D 139 159  1
20 L 8 86  1
20 D 140 86  1
21 L 11 1495  1
21 D 141 1495  1
22 L 11 16  1
22 D 142 16  1
23 L 15 31  1
23 D 143 31  1
24 L 7 8  1
24 D 144 8  1
25 L 4 54  1
25 D 145 54  1
26 L 0 252  1
26 D 146 252  1
27 L 6 288  1
27 D 147 288  1
28 L 0 15  1
28 D 148 15  1
29 L 11 10  1
29 D 149 10  1
0 L 10 33  1
0 D 150 33  1
1 L 0 247  1
1 D 151 247  1
2 L 6 372  1
2 D 152 372  1
3 L 6 34  1
3 D 153 34  1
4 L 8 316  1
4 D 154 316  1
5 L 4 232  1
5 D 155 232  1
6 L 15 251  1
6 D 156 251  1
7 L 14 459  1
7 D 157 459  1
8 L 8 10  1
8 D 158 10  1
9 L 15 343  1
9 D 159 343  1
10 L 14 2  1
10 D 160 2  1
11 L 0 490  1
11 D 161 490  1
12 L 8 99  1
12 D 162 99  1
13 L 4 116  1
13 D 163 116  1
14 L 0 277  1
14 D 164 277  1
15 L 8 28  1
15 D 165 28  1
16 L 4 153  1
16 D 166 153  1
17 L 11 541  1
17 D 167 541  1
18 L 9 113  1
18 D 168 113  1
19 L 15 141  1
19 D 169 141  1
20 L 15 49  1
20 D 170 49  1
21 L 11 484  1
21 D 171 484  1
22 L 11 31  1
22 D 172 31  1
23 L 6 246  1
23 D 173 246  1
24 L 5 31  1
24 D 174 31  1
25 L 5 95  1
25 D 175 95  1
26 L 0 553  1
26 D 176 553  1
27 L 4 130  1
27 D 177 130  1
28 L 1 43  1
28 D 178 43  1
29 L 4 66  1
29 D 179 66  1
0 L 0 118  1
0 D 180 118  1
1 L 10 26  1
1 D 181 26  1
2 L 9 190  1
2 D 182 190  1
3 L 11 335  1
3 D 183 335  1
4 L 15 97  1
4 D 184 97  1
5 L 1 210  1
5 D 185 210  1
6 L 15 31  1
6 D 186 31  1
7 L 14 231  1
7 D 187 231  1
8 L 8 41  1
8 D 188 41  1
9 L 0 68  1
9 D 189 68  1
10 L 0 5  1
10 D 190 5  1
11 L 0 42  1
11 D 191 42  1
12 L 4 108  1
12 D 192 108  1
13 L 1 105  1
13 D 193 105  1
14 L 9 687  1
14 D 194 687  1
15 L 0 41  1
15 D 195 41  1
16 L 14 95  1
16 D 196 95  1
17 L 1 254  1
17 D 197 254  1
18 L 11 18  1
18 D 198 18  1
19 L 15 114  1
19 D 199 114  1
20 L 9 221  1
20 D 200 221  1
21 L 1 929  1
21 D 201 929  1
22 L 11 1047  1
22 D 202 1047  1
23 L 15 80  1
23 D 203 80  1
24 L 1 125  1
24 D 204 125  1
25 L 15 348  1
25 D 205 348  1
26 L 9 5  1
26 D 206 5  1
27 L 8 167  1
27 D 207 167  1
28 L 4 201  1
28 D 208 201  1
29 L 0 162  1
29 D 209 162  1
0 L 4 537  1
0 D 210 537  1
1 L 15 67  1
1 D 211 67  1
2 L 5 40  1
2 D 212 40  1
3 L 11 629  1
3 D 213 629  1
4 L 4 421  1
4 D 214 421  1
5 L 7 1282  1
5 D 215 1282  1
6 L 12 852  1
6 D 216 852  1
7 L 6 1938  1
7 D 217 1938  1
8 L 8 372  1
8 D 218 372  1
9 L 4 898  1
9 D 219 898  1
10 L 0 394  1
10 D 220 394  1
11 L 4 488  1
11 D 221 488  1
12 L 4 342  1
12 D 222 342  1
13 L 1 145  1
13 D 223 145  1
14 L 13 354  1
14 D 224 354  1
15 L 1 159  1
15 D 225 159  1
16 L 1 157  1
16 D 226 157  1
17 L 11 324  1
17 D 227 324  1
18 L 6 161  1
18 D 228 161  1
19 L 14 184  1
19 D 229 184  1
20 L 15 168  1
20 D 230 168  1
21 L 8 346  1
21 D 231 346  1
22 L 8 255  1
22 D 232 255  1
23 L 11 270  1
23 D 233 270  1
24 L 1 918  1
24 D 234 918  1
25 L 11 276  1
25 D 235 276  1
26 L 15 130  1
26 D 236 130  1
27 L 8 303  1
27 D 237 303  1
28 L 4 83  1
28 D 238 83  1
29 L 4 607  1
29 D 239 607  1
0 L 15 572  1
0 D 240 572  1
1 L 4 86  1
1 D 241 86  1
2 L 15 410  1
2 D 242 410  1
3 L 7 490  1
3 D 243 490  1
4 L 0 14  1
4 D 244 14  1
5 L 11 298  1
5 D 245 298  1
6 L 4 441  1
6 D 246 441  1
7 L 11 1590  1
7 D 247 1590  1
8 L 0 2  1
8 D 248 2  1
9 L 6 512  1
9 D 249 512  1
10 L 4 107  1
10 D 250 107  1
11 L 0 21  1
11 D 251 21  1
12 L 0 107  1
12 D 252 107  1
13 L 11 672  1
13 D 253 672  1
14 L 15 16  1
14 D 254 16  1
15 L 8 552  1
15 D 255 552  1
16 L 11 613  1
16 D 256 613  1
17 L 0 688  1
17 D 257 688  1
18 L 4 383  1
18 D 258 383  1
19 L 14 16  1
19 D 259 16  1
20 L 0 99  1
20 D 260 99  1
21 L 0 6  1
21 D 261 6  1
22 L 4 459  1
22 D 262 459  1
23 L 6 58  1
23 D 263 58  1
24 L 7 127  1
24 D 264 127  1
25 L 4 32  1
25 D 265 32  1
26 L 4 38  1
26 D 266 38  1
27 L 10 119  1
27 D 267 119  1
28 L 4 353  1
28 D 268 353  1
29 L 15 277  1
29 D 269 277  1
0 L 7 36  1
0 D 270 36  1
1 L 14 222  1
1 D 271 222  1
2 L 1 157  1
2 D 272 157  1
3 L 4 144  1
3 D 273 144  1
4 L 5 586  1
4 D 274 586  1
5 L 15 794  1
5 D 275 794  1
6 L 12 238  1
6 D 276 238  1
7 L 10 67  1
7 D 277 67  1
8 L 1 35  1
8 D 278 35  1
9 L 10 51  1
9 D 279 51  1
10 L 13 439  1
10 D 280 439  1
11 L 1 534  1
11 D 281 534  1
12 L 15 626  1
12 D 282 626  1
13 L 1 372  1
13 D 283 372  1
14 L 6 10  1
14 D 284 10  1
15 L 0 755  1
15 D 285 755  1
16 L 3 517  1
16 D 286 517  1
17 L 4 136  1
17 D 287 136  1
18 L 8 142  1
18 D 288 142  1
19 L 8 19  1
19 D 289 19  1
20 L 11 262  1
20 D 290 262  1
21 L 15 759  1
21 D 291 759  1
22 L 9 89  1
22 D 292 89  1
23 L 5 2  1
23 D 293 2  1
24 L 0 114  1
24 D 294 114  1
25 L 4 1087  1
25 D 295 1087  1
26 L 15 593  1
26 D 296 593  1
27 L 7 462  1
27 D 297 462  1
28 L 15 161  1
28 D 298 161  1
29 L 4 52  1
29 D 299 52  1
0 L 4 8  1
0 D 300 8  1
1 L 4 159  1
1 D 301 159  1
2 L 4 191  1
2 D 302 191  1
3 L 7 1147  1
3 D 303 1147  1
4 L 9 167  1
4 D 304 167  1
5 L 8 637  1
5 D 305 637  1
6 L 0 289  1
6 D 306 289  1
7 L 4 12  1
7 D 307 12  1
8 L 8 553  1
8 D 308 553  1
9 L 7 407  1
9 D 309 407  1
10 L 4 1022  1
10 D 310 1022  1
11 L 4 99  1
11 D 311 99  1
12 L 11 1923  1
12 D 312 1923  1
13 L 15 338  1
13 D 313 338  1
14 L 1 221  1
14 D 314 221  1
15 L 15 1057  1
15 D 315 1057  1
16 L 4 626  1
16 D 316 626  1
17 L 4 68  1
17 D 317 68  1
18 L 4 107  1
18 D 318 107  1
19 L 4 616  1
19 D 319 616  1
20 L 7 254  1
20 D 320 254  1
21 L 0 51  1
21 D 321 51  1
22 L 1 421  1
22 D 322 421  1
23 L 11 26  1
23 D 323 26  1
24 L 1 388  1
24 D 324 388  1
25 L 0 44  1
25 D 325 44  1
26 L 7 747  1
26 D 326 747  1
27 L 12 775  1
27 D 327 775  1
28 L 11 346  1
28 D 328 346  1
29 L 15 1025  1
29 D 329 1025  1
0 L 7 43  1
0 D 330 43  1
1 L 7 19  1
1 D 331 19  1
2 L 4 1590  1
2 D 332 1590  1
3 L 10 115  1
3 D 333 115  1
4 L 14 434  1
4 D 334 434  1
5 L 8 631  1
5 D 335 631  1
6 L 8 28  1
6 D 336 28  1
7 L 8 871  1
7 D 337 871  1
8 L 8 192  1
8 D 338 192  1
9 L 1 49  1
9 D 339 49  1
10 L 1 220  1
10 D 340 220  1
11 L 5 973  1
11 D 341 973  1
12 L 4 251  1
12 D 342 251  1
13 L 7 555  1
13 D 343 555  1
14 L 14 437  1
14 D 344 437  1
15 L 2 1061  1
15 D 345 1061  1
16 L 0 154  1
16 D 346 154  1
17 L 8 108  1
17 D 347 108  1
18 L 1 80  1
18 D 348 80  1
19 L 1 48  1
19 D 349 48  1
20 L 12 267  1
20 D 350 267  1
21 L 3 621  1
21 D 351 621  1
22 L 7 688  1
22 D 352 688  1
23 L 11 35  1
23 D 353 35  1
24 L 4 412  1
24 D 354 412  1
25 L 0 132  1
25 D 355 132  1
26 L 6 136  1
26 D 356 136  1
27 L 0 10  1
27 D 357 10  1
28 L 2 593  1
28 D 358 593  1
29 L 11 49  1
29 D 359 49  1
0 L 14 104  1
0 D 360 104  1
1 L 1 983  1
1 D 361 983  1
2 L 4 168  1
2 D 362 168  1
3 L 15 1300  1
3 D 363 1300  1
4 L 11 382  1
4 D 364 382  1
5 L 4 68  1
5 D 365 68  1
6 L 0 8  1
6 D 366 8  1
7 L 8 591  1
7 D 367 591  1
8 L 11 653  1
8 D 368 653  1
9 L 8 1  1
9 D 369 1  1
10 L 4 111  1
10 D 370 111  1
11 L 1 1765  1
11 D 371 1765  1
12 L 15 175  1
12 D 372 175  1
13 L 8 129  1
13 D 373 129  1
14 L 0 180  1
14 D 374 180  1
15 L 15 124  1
15 D 375 124  1
16 L 4 327  1
16 D 376 327  1
17 L 15 6  1
17 D 377 6  1
18 L 5 99  1
18 D 378 99  1
19 L 15 327  1
19 D 379 327  1
20 L 11 8  1
20 D 380 8  1
21 L 15 638  1
21 D 381 638  1
22 L 15 1447  1
22 D 382 1447  1
23 L 15 420  1
23 D 383 420  1
24 L 4 78  1
24 D 384 78  1
25 L 10 70  1
25 D 385 70  1
26 L 8 583  1
26 D 386 583  1
27 L 8 427  1
27 D 387 427  1
28 L 4 449  1
28 D 388 449  1
29 L 10 600  1
29 D 389 600  1
0 L 10 283  1
0 D 390 283  1
1 L 7 247  1
1 D 391 247  1
2 L 8 179  1
2 D 392 179  1
3 L 8 163  1
3 D 393 163  1
4 L 1 54  1
4 D 394 54  1
5 L 0 25  1
5 D 395 25  1
6 L 0 92  1
6 D 396 92  1
7 L 4 83  1
7 D 397 83  1
8 L 11 278  1
8 D 398 278  1
9 L 14 278  1
9 D 399 278  1
10 L 11 137  1
10 D 400 137  1
11 L 12 64  1
11 D 401 64  1
12 L 10 48  1
12 D 402 48  1
13 L 0 734  1
13 D 403 734  1
14 L 3 231  1
14 D 404 231  1
15 L 11 195  1
15 D 405 195  1
16 L 4 132  1
16 D 406 132  1
17 L 12 115  1
17 D 407 115  1
18 L 1 106  1
18 D 408 106  1
19 L 8 30  1
19 D 409 30  1
20 L 0 468  1
20 D 410 468  1
21 L 4 11  1
21 D 411 11  1
22 L 4 421  1
22 D 412 421  1
23 L 7 38  1
23 D 413 38  1
24 L 5 486  1
24 D 414 486  1
25 L 1 280  1
25 D 415 280  1
26 L 1 151  1
26 D 416 151  1
27 L 3 89  1
27 D 417 89  1
28 L 11 94  1
28 D 418 94  1
29 L 4 26  1
29 D 419 26  1
0 L 15 195  1
0 D 420 195  1
1 L 1 158  1
1 D 421 158  1
2 L 11 36  1
2 D 422 36  1
3 L 9 553  1
3 D 423 553  1
4 L 4 50  1
4 D 424 50  1
5 L 0 1277  1
5 D 425 1277  1
6 L 3 83  1
6 D 426 83  1
7 L 4 122  1
7 D 427 122  1
8 L 3 300  1
8 D 428 300  1
9 L 4 56  1
9 D 429 56  1
10 L 0 237  1
10 D 430 237  1
11 L 7 380  1
11 D 431 380  1
12 L 15 921  1
12 D 432 921  1
13 L 0 178  1
13 D 433 178  1
14 L 1 244  1
14 D 434 244  1
15 L 0 105  1
15 D 435 105  1
16 L 3 97  1
16 D 436 97  1
17 L 3 127  1
17 D 437 127  1
18 L 0 362  1
18 D 438 362  1
19 L 15 883  1
19 D 439 883  1
20 L 15 1034  1
20 D 440 1034  1
21 L 4 16  1
21 D 441 16  1
22 L 4 30  1
22 D 442 30  1
23 L 2 71  1
23 D 443 71  1
24 L 9 330  1
24 D 444 330  1
25 L 15 591  1
25 D 445 591  1
26 L 0 45  1
26 D 446 45  1
27 L 7 691  1
27 D 447 691  1
28 L 9 285  1
28 D 448 285  1
29 L 6 28  1
29 D 449 28  1
0 L 4 471  1
0 D 450 471  1
1 L 4 125  1
1 D 451 125  1
2 L 5 124  1
2 D 452 124  1
3 L 5 625  1
3 D 453 625  1
4 L 4 432  1
4 D 454 432  1
5 L 4 51  1
5 D 455 51  1
6 L 11 175  1
6 D 456 175  1
7 L 4 483  1
7 D 457 483  1
8 L 1 5  1
8 D 458 5  1
9 L 0 41  1
9 D 459 41  1
10 L 4 300  1
10 D 460 300  1
11 L 4 62  1
11 D 461 62  1
12 L 4 35  1
12 D 462 35  1
13 L 7 110  1
13 D 463 110  1
14 L 1 413  1
14 D 464 413  1
15 L 0 743  1
15 D 465 743  1
16 L 4 167  1
16 D 466 167  1
17 L 3 25  1
17 D 467 25  1
18 L 6 465  1
18 D 468 465  1
19 L 3 218  1
19 D 469 218  1
20 L 0 297  1
20 D 470 297  1
21 L 1 881  1
21 D 471 881  1
22 L 10 841  1
22 D 472 841  1
23 L 4 512  1
23 D 473 512  1
24 L 13 83  1
24 D 474 83  1
25 L 7 122  1
25 D 475 122  1
26 L 5 68  1
26 D 476 68  1
27 L 1 73  1
27 D 477 73  1
28 L 15 105  1
28 D 478 105  1
29 L 0 186  1
29 D 479 186  1
0 L 7 83  1
0 D 480 83  1
1 L 15 10  2
1 D 481 10  2
2 L 1 265  1
2 D 482 265  1
3 L 15 299  1
3 D 483 299  1
4 L 5 527  1
4 D 484 527  1
5 L 8 983  1
5 D 485 983  1
6 L 4 220  1
6 D 486 220  1
7 L 1 92  1
7 D 487 92  1
8 L 11 793  1
8 D 488 793  1
9 L 8 30  1
9 D 489 30  1
10 L 1 921  1
10 D 490 921  1
11 L 15 211  1
11 D 491 211  1
12 L 4 218  2
12 D 492 218  2
13 L 12 751  1
13 D 493 751  1
14 L 4 8  1
14 D 494 8  1
15 L 9 989  1
15 D 495 989  1
16 L 15 63  1
16 D 496 63  1
17 L 8 163  1
17 D 497 163  1
18 L 5 51  1
18 D 498 51  1
19 L 8 124  1
19 D 499 124  1
20 L 3 481  1
20 D 500 481  1
21 L 12 122  1
21 D 501 122  1
22 L 8 104  1
22 D 502 104  1
23 L 8 136  1
23 D 503 136  1
24 L 15 322  1
24 D 504 322  1
25 L 0 427  1
25 D 505 427  1
26 L 3 186  1
26 D 506 186  1
27 L 14 1106  1
27 D 507 1106  1
28 L 10 216  1
28 D 508 216  1
29 L 0 90  1
29 D 509 90  1
0 L 8 644  1
0 D 510 644  1
1 L 4 247  1
1 D 511 247  1
2 L 4 216  1
2 D 512 216  1
3 L 8 157  1
3 D 513 157  1
4 L 8 558  1
4 D 514 558  1
5 L 0 242  1
5 D 515 242  1
6 L 14 110  1
6 D 516 110  1
7 L 14 15  1
7 D 517 15  1
8 L 13 886  1
8 D 518 886  1
9 L 14 312  1
9 D 519 312  1
10 L 11 101  1
10 D 520 101  1
11 L 4 2  1
11 D 521 2  1
12 L 9 1209  1
12 D 522 1209  1
13 L 8 75  1
13 D 523 75  1
14 L 15 29  1
14 D 524 29  1
15 L 15 807  1
15 D 525 807  1
16 L 0 250  1
16 D 526 250  1
17 L 4 71  1
17 D 527 71  1
18 L 11 241  1
18 D 528 241  1
19 L 14 857  1
19 D 529 857  1
20 L 15 558  1
20 D 530 558  1
21 L 8 208  1
21 D 531 208  1
22 L 1 189  1
22 D 532 189  1
23 L 4 156  1
23 D 533 156  1
24 L 8 353  1
24 D 534 353  1
25 L 11 17  1
25 D 535 17  1
26 L 3 342  1
26 D 536 342  1
27 L 5 8  1
27 D 537 8  1
28 L 0 272  1
28 D 538 272  1
29 L 15 296  1
29 D 539 296  1
0 L 15 49  1
0 D 540 49  1
1 L 6 533  1
1 D 541 533  1
2 L 11 52  1
2 D 542 52  1
3 L 15 610  1
3 D 543 610  1
4 L 11 32  1
4 D 544 32  1
5 L 15 71  1
5 D 545 71  1
6 L 4 267  1
6 D 546 267  1
7 L 6 430  1
7 D 547 430  1
8 L 8 107  1
8 D 548 107  1
9 L 4 443  1
9 D 549 443  1
10 L 0 255  1
10 D 550 255  1
11 L 11 521  1
11 D 551 521  1
12 L 5 406  1
12 D 552 406  1
13 L 11 350  1
13 D 553 350  1
14 L 15 184  1
14 D 554 184  1
15 L 1 463  1
15 D 555 463  1
16 L 5 15  1
16 D 556 15  1
17 L 3 104  1
17 D 557 104  1
18 L 7 6  1
18 D 558 6  1
19 L 8 81  1
19 D 559 81  1
20 L 4 266  1
20 D 560 266  1
21 L 0 16  1
21 D 561 16  1
22 L 9 20  1
22 D 562 20  1
23 L 4 318  1
23 D 563 318  1
24 L 4 957  1
24 D 564 957  1
25 L 3 238  1
25 D 565 238  1
26 L 1 377  1
26 D 566 377  1
27 L 10 492  1
27 D 567 492  1
28 L 7 726  1
28 D 568 726  1
29 L 4 136  1
29 D 569 136  1
0 L 15 128  1
0 D 570 128  1
1 L 7 60  1
1 D 571 60  1
2 L 0 486  1
2 D 572 486  1
3 L 14 23  1
3 D 573 23  1
4 L 4 476  1
4 D 574 476  1
5 L 3 1601  1
5 D 575 1601  1
6 L 4 263  1
6 D 576 263  1
7 L 10 287  1
7 D 577 287  1
8 L 4 455  1
8 D 578 455  1
9 L 8 96  1
9 D 579 96  1
10 L 15 16  1
10 D 580 16  1
11 L 11 1003  1
11 D 581 1003  1
12 L 10 193  1
12 D 582 193  1
13 L 11 2  1
13 D 583 2  1
14 L 14 75  1
14 D 584 75  1
15 L 2 720  1
15 D 585 720  1
16 L 15 189  1
16 D 586 189  1
17 L 15 129  1
17 D 587 129  1
18 L 4 484  1
18 D 588 484  1
19 L 8 166  1
19 D 589 166  1
20 L 10 671  1
20 D 590 671  1
21 L 5 320  1
21 D 591 320  1
22 L 8 116  1
22 D 592 116  1
23 L 8 560  1
23 D 593 560  1
24 L 15 136  1
24 D 594 136  1
25 L 0 1094  1
25 D 595 1094  1
26 L 4 361  1
26 D 596 361  1
27 L 8 49  1
27 D 597 49  1
28 L 9 695  1
28 D 598 695  1
29 L 3 189  1
29 D 599 189  1
0 L 3 37  1
0 D 600 37  1
1 L 3 64  1
1 D 601 64  1
2 L 0 104  1
2 D 602 104  1
3 L 14 108  1
3 D 603 108  1
4 L 6 419  1
4 D 604 419  1
5 L 1 15  1
5 D 605 15  1
6 L 0 3  1
6 D 606 3  1
7 L 9 61  1
7 D 607 61  1
8 L 0 12  1
8 D 608 12  1
9 L 4 1545  1
9 D 609 1545  1
10 L 15 382  1
10 D 610 382  1
11 L 8 15  1
11 D 611 15  1
12 L 15 8  1
12 D 612 8  1
13 L 9 755  1
13 D 613 755  1
14 L 4 159  1
14 D 614 159  1
15 L 15 54  1
15 D 615 54  1
16 L 15 32  1
16 D 616 32  1
17 L 4 259  1
17 D 617 259  1
18 L 7 31  1
18 D 618 31  1
19 L 1 15  1
19 D 619 15  1
20 L 4 713  1
20 D 620 713  1
21 L 0 87  1
21 D 621 87  1
22 L 11 19  1
22 D 622 19  1
23 L 15 688  1
23 D 623 688  1
24 L 15 219  1
24 D 624 219  1
25 L 4 1159  1
25 D 625 1159  1
26 L 11 429  1
26 D 626 429  1
27 L 15 302  1
27 D 627 302  1
28 L 11 220  1
28 D 628 220  1
29 L 8 26  1
29 D 629 26  1
0 L 10 31  1
0 D 630 31  1
1 L 8 216  1
1 D 631 216  1
2 L 3 22  1
2 D 632 22  1
3 L 4 210  1
3 D 633 210  1
4 L 11 1270  1
4 D 634 1270  1
5 L 11 27  1
5 D 635 27  1
6 L 1 727  1
6 D 636 727  1
7 L 8 86  1
7 D 637 86  1
8 L 9 837  1
8 D 638 837  1
9 L 15 1086  1
9 D 639 1086  1
10 L 2 278  1
10 D 640 278  1
11 L 8 195  1
11 D 641 195  1
12 L 8 220  1
12 D 642 220  1
13 L 1 551  1
13 D 643 551  1
14 L 8 26  1
14 D 644 26  1
15 L 7 56  1
15 D 645 56  1
16 L 3 233  1
16 D 646 233  1
17 L 11 41  1
17 D 647 41  1
18 L 7 116  1
18 D 648 116  1
19 L 0 564  1
19 D 649 564  1
20 L 1 122  1
20 D 650 122  1
21 L 15 525  1
21 D 651 525  1
22 L 11 51  1
22 D 652 51  1
23 L 4 853  1
23 D 653 853  1
24 L 8 375  1
24 D 654 375  1
25 L 4 725  1
25 D 655 725  1
26 L 7 420  1
26 D 656 420  1
27 L 4 13  1
27 D 657 13  1
28 L 4 1  1
28 D 658 1  1
29 L 15 398  1
29 D 659 398  1
0 L 0 970  1
0 D 660 970  1
1 L 4 105  1
1 D 661 105  1
2 L 7 132  1
2 D 662 132  1
3 L 15 63  1
3 D 663 63  1
4 L 4 906  1
4 D 664 906  1
5 L 2 68  1
5 D 665 68  1
6 L 11 130  1
6 D 666 130  1
7 L 15 34  1
7 D 667 34  1
8 L 8 121  1
8 D 668 121  1
9 L 9 30  1
9 D 669 30  1
10 L 8 172  1
10 D 670 172  1
11 L 14 388  1
11 D 671 388  1
12 L 15 242  1
12 D 672 242  1
13 L 1 85  1
13 D 673 85  1
14 L 7 133  1
14 D 674 133  1
15 L 4 1962  1
15 D 675 1962  1
16 L 11 505  1
16 D 676 505  1
17 L 8 104  1
17 D 677 104  1
18 L 3 687  1
18 D 678 687  1
19 L 0 194  1
19 D 679 194  1
20 L 4 631  1
20 D 680 631  1
21 L 0 1762  1
21 D 681 1762  1
22 L 8 1013  1
22 D 682 1013  1
23 L 11 18  1
23 D 683 18  1
24 L 2 548  1
24 D 684 548  1
25 L 11 163  1
25 D 685 163  1
26 L 10 388  1
26 D 686 388  1
27 L 3 23  1
27 D 687 23  1
28 L 15 218  1
28 D 688 218  1
29 L 8 112  1
29 D 689 112  1
0 L 10 233  1
0 D 690 233  1
1 L 8 365  1
1 D 691 365  1
2 L 12 213  1
2 D 692 213  1
3 L 4 89  1
3 D 693 89  1
4 L 10 370  1
4 D 694 370  1
5 L 1 184  1
5 D 695 184  1
6 L 8 28  1
6 D 696 28  1
7 L 14 63  1
7 D 697 63  1
8 L 8 10  1
8 D 698 10  1
9 L 11 1070  1
9 D 699 1070  1
10 L 3 27  1
10 D 700 27  1
11 L 4 10  1
11 D 701 10  1
12 L 5 66  1
12 D 702 66  1
13 L 15 172  1
13 D 703 172  1
14 L 4 77  1
14 D 704 77  1
15 L 0 94  1
15 D 705 94  1
16 L 4 411  1
16 D 706 411  1
17 L 0 158  1
17 D 707 158  1
18 L 1 41  1
18 D 708 41  1
19 L 0 96  1
19 D 709 96  1
20 L 7 185  1
20 D 710 185  1
21 L 0 806  1
21 D 711 806  1
22 L 4 175  1
22 D 712 175  1
23 L 15 299  1
23 D 713 299  1
24 L 8 43  1
24 D 714 43  1
25 L 11 68  1
25 D 715 68  1
26 L 11 242  1
26 D 716 242  1
27 L 4 64  1
27 D 717 64  1
28 L 0 905  1
28 D 718 905  1
29 L 1 76  1
29 D 719 76  1
0 L 8 61  1
0 D 720 61  1
1 L 7 320  1
1 D 721 320  1
2 L 3 725  1
2 D 722 725  1
3 L 4 281  1
3 D 723 281  1
4 L 6 233  1
4 D 724 233  1
5 L 6 80  1
5 D 725 80  1
6 L 4 97  1
6 D 726 97  1
7 L 15 287  1
7 D 727 287  1
8 L 11 188  1
8 D 728 188  1
9 L 4 96  1
9 D 729 96  1
10 L 3 697  1
10 D 730 697  1
11 L 0 1410  1
11 D 731 1410  1
12 L 0 216  1
12 D 732 216  1
13 L 8 26  1
13 D 733 26  1
14 L 4 639  1
14 D 734 639  1
15 L 4 133  1
15 D 735 133  1
16 L 4 20  1
16 D 736 20  1
17 L 0 26  1
17 D 737 26  1
18 L 15 127  1
18 D 738 127  1
19 L 0 71  1
19 D 739 71  1
20 L 0 701  1
20 D 740 701  1
21 L 2 78  1
21 D 741 78  1
22 L 3 154  1
22 D 742 154  1
23 L 0 547  1
23 D 743 547  1
24 L 11 1024  1
24 D 744 1024  1
25 L 0 852  1
25 D 745 852  1
26 L 8 393  1
26 D 746 393  1
27 L 8 139  1
27 D 747 139  1
28 L 4 429  1
28 D 748 429  1
29 L 15 196  1
29 D 749 196  1
0 L 4 890  1
0 D 750 890  1
1 L 0 240  1
1 D 751 240  1
2 L 8 507  1
2 D 752 507  1
3 L 13 103  1
3 D 753 103  1
4 L 0 312  1
4 D 754 312  1
5 L 14 469  1
5 D 755 469  1
6 L 11 27  1
6 D 756 27  1
7 L 8 62  1
7 D 757 62  1
8 L 5 48  1
8 D 758 48  1
9 L 4 480  1
9 D 759 480  1
10 L 10 2  1
10 D 760 2  1
11 L 4 669  1
11 D 761 669  1
12 L 8 296  1
12 D 762 296  1
13 L 1 16  1
13 D 763 16  1
14 L 8 77  1
14 D 764 77  1
15 L 8 953  1
15 D 765 953  1
16 L 15 643  1
16 D 766 643  1
17 L 8 535  1
17 D 767 535  1
18 L 5 900  1
18 D 768 900  1
19 L 0 559  1
19 D 769 559  1
20 L 8 433  1
20 D 770 433  1
21 L 8 23  1
21 D 771 23  1
22 L 4 55  1
22 D 772 55  1
23 L 8 107  1
23 D 773 107  1
24 L 0 130  1
24 D 774 130  1
25 L 4 772  1
25 D 775 772  1
26 L 4 590  1
26 D 776 590  1
27 L 11 48  1
27 D 777 48  1
28 L 4 296  1
28 D 778 296  1
29 L 4 10  1
29 D 779 10  1
0 L 4 29  1
0 D 780 29  1
1 L 1 282  1
1 D 781 282  1
2 L 0 1029  1
2 D 782 1029  1
3 L 15 476  1
3 D 783 476  1
4 L 10 360  1
4 D 784 360  1
5 L 12 26  1
5 D 785 26  1
6 L 0 413  1
6 D 786 413  1
7 L 8 435  1
7 D 787 435  1
8 L 15 47  1
8 D 788 47  1
9 L 11 780  1
9 D 789 780  1
10 L 4 701  1
10 D 790 701  1
11 L 10 27  1
11 D 791 27  1
12 L 0 82  1
12 D 792 82  1
13 L 8 184  1
13 D 793 184  1
14 L 1 1433  1
14 D 794 1433  1
15 L 8 214  1
15 D 795 214  1
16 L 13 174  1
16 D 796 174  1
17 L 4 171  1
17 D 797 171  1
18 L 4 958  1
18 D 798 958  1
19 L 4 53  1
19 D 799 53  1
20 L 15 364  1
20 D 800 364  1
21 L 15 17  1
21 D 801 17  1
22 L 11 90  1
22 D 802 90  1
23 L 11 421  1
23 D 803 421  1
24 L 15 1154  1
24 D 804 1154  1
25 L 0 172  1
25 D 805 172  1
26 L 6 153  1
26 D 806 153  1
27 L 4 153  1
27 D 807 153  1
28 L 10 45  1
28 D 808 45  1
29 L 10 129  1
29 D 809 129  1
0 L 4 262  1
0 D 810 262  1
1 L 1 184  1
1 D 811 184  1
2 L 14 1267  1
2 D 812 1267  1
3 L 1 595  1
3 D 813 595  1
4 L 1 488  1
4 D 814 488  1
5 L 4 111  1
5 D 815 111  1
6 L 4 642  1
6 D 816 642  1
7 L 8 104  1
7 D 817 104  1
8 L 9 51  1
8 D 818 51  1
9 L 14 26  1
9 D 819 26  1
10 L 4 642  1
10 D 820 642  1
11 L 0 129  1
11 D 821 129  1
12 L 0 335  1
12 D 822 335  1
13 L 4 403  1
13 D 823 403  1
14 L 4 474  1
14 D 824 474  1
15 L 6 113  1
15 D 825 113  1
16 L 15 163  1
16 D 826 163  1
17 L 0 435  1
17 D 827 435  1
18 L 7 428  1
18 D 828 428  1
19 L 9 131  1
19 D 829 131  1
20 L 4 409  1
20 D 830 409  1
21 L 15 1441  1
21 D 831 1441  1
22 L 4 97  1
22 D 832 97  1
23 L 12 477  1
23 D 833 477  1
24 L 7 90  1
24 D 834 90  1
25 L 7 329  1
25 D 835 329  1
26 L 4 177  1
26 D 836 177  1
27 L 0 116  1
27 D 837 116  1
28 L 4 508  1
28 D 838 508  1
29 L 0 157  1
29 D 839 157  1
0 L 4 73  1
0 D 840 73  1
1 L 0 104  1
1 D 841 104  1
2 L 1 624  1
2 D 842 624  1
3 L 5 657  1
3 D 843 657  1
4 L 11 283  1
4 D 844 283  1
5 L 4 385  1
5 D 845 385  1
6 L 0 159  1
6 D 846 159  1
7 L 4 121  1
7 D 847 121  1
8 L 10 31  1
8 D 848 31  1
9 L 11 647  1
9 D 849 647  1
10 L 1 99  1
10 D 850 99  1
11 L 0 314  1
11 D 851 314  1
12 L 0 235  1
12 D 852 235  1
13 L 11 95  1
13 D 853 95  1
14 L 4 90  1
14 D 854 90  1
15 L 7 58  1
15 D 855 58  1
16 L 9 196  1
16 D 856 196  1
17 L 8 52  1
17 D 857 52  1
18 L 0 1508  1
18 D 858 1508  1
19 L 15 288  1
19 D 859 288  1
20 L 11 19  1
20 D 860 19  1
21 L 11 479  1
21 D 861 479  1
22 L 6 35  1
22 D 862 35  1
23 L 15 465  1
23 D 863 465  1
24 L 10 158  1
24 D 864 158  1
25 L 6 362  1
25 D 865 362  1
26 L 7 153  1
26 D 866 153  1
27 L 0 97  1
27 D 867 97  1
28 L 4 616  1
28 D 868 616  1
29 L 3 321  1
29 D 869 321  1
0 L 1 142  1
0 D 870 142  1
1 L 3 15  1
1 D 871 15  1
2 L 7 93  1
2 D 872 93  1
3 L 4 420  1
3 D 873 420  1
4 L 4 168  1
4 D 874 168  1
5 L 1 81  1
5 D 875 81  1
6 L 11 460  1
6 D 876 460  1
7 L 8 26  1
7 D 877 26  1
8 L 4 582  1
8 D 878 582  1
9 L 0 52  1
9 D 879 52  1
10 L 0 85  1
10 D 880 85  1
11 L 2 49  1
11 D 881 49  1
12 L 4 730  1
12 D 882 730  1
13 L 7 1306  1
13 D 883 1306  1
14 L 6 392  1
14 D 884 392  1
15 L 3 296  1
15 D 885 296  1
16 L 4 253  1
16 D 886 253  1
17 L 15 1106  1
17 D 887 1106  1
18 L 0 26  1
18 D 888 26  1
19 L 3 99  1
19 D 889 99  1
20 L 4 93  1
20 D 890 93  1
21 L 1 77  1
21 D 891 77  1
22 L 11 205  1
22 D 892 205  1
23 L 11 235  1
23 D 893 235  1
24 L 0 130  1
24 D 894 130  1
25 L 3 228  1
25 D 895 228  1
26 L 8 859  1
26 D 896 859  1
27 L 0 164  1
27 D 897 164  1
28 L 15 1041  1
28 D 898 1041  1
29 L 0 242  1
29 D 899 242  1
0 L 0 129  1
0 D 900 129  1
1 L 3 192  1
1 D 901 192  1
2 L 4 113  1
2 D 902 113  1
3 L 15 66  1
3 D 903 66  1
4 L 7 30  1
4 D 904 30  1
5 L 15 154  1
5 D 905 154  1
6 L 0 305  1
6 D 906 305  1
7 L 14 144  1
7 D 907 144  1
8 L 4 15  1
8 D 908 15  1
9 L 1 75  1
9 D 909 75  1
10 L 4 242  1
10 D 910 242  1
11 L 4 97  1
11 D 911 97  1
12 L 12 111  1
12 D 912 111  1
13 L 0 520  1
13 D 913 520  1
14 L 3 53  1
14 D 914 53  1
15 L 11 68  1
15 D 915 68  1
16 L 8 173  1
16 D 916 173  1
17 L 7 121  1
17 D 917 121  1
18 L 9 114  1
18 D 918 114  1
19 L 0 300  1
19 D 919 300  1
20 L 4 57  1
20 D 920 57  1
21 L 4 1359  1
21 D 921 1359  1
22 L 1 16  1
22 D 922 16  1
23 L 15 940  1
23 D 923 940  1
24 L 10 893  1
24 D 924 893  1
25 L 11 401  1
25 D 925 401  1
26 L 4 468  1
26 D 926 468  1
27 L 4 1854  1
27 D 927 1854  1
28 L 8 475  1
28 D 928 475  1
29 L 6 572  1
29 D 929 572  1
0 L 4 567  1
0 D 930 567  1
1 L 15 356  1
1 D 931 356  1
2 L 8 748  1
2 D 932 748  1
3 L 14 58  1
3 D 933 58  1
4 L 15 1355  1
4 D 934 1355  1
5 L 10 659  1
5 D 935 659  1
6 L 4 163  1
6 D 936 163  1
7 L 12 45  1
7 D 937 45  1
8 L 7 140  1
8 D 938 140  1
9 L 4 105  1
9 D 939 105  1
10 L 4 1204  1
10 D 940 1204  1
11 L 10 370  1
11 D 941 370  1
12 L 11 786  1
12 D 942 786  1
13 L 11 265  1
13 D 943 265  1
14 L 0 127  1
14 D 944 127  1
15 L 5 861  1
15 D 945 861  1
16 L 15 54  1
16 D 946 54  1
17 L 11 495  1
17 D 947 495  1
18 L 4 43  1
18 D 948 43  1
19 L 6 763  1
19 D 949 763  1
20 L 0 383  1
20 D 950 383  1
21 L 4 161  1
21 D 951 161  1
22 L 2 668  1
22 D 952 668  1
23 L 1 275  1
23 D 953 275  1
24 L 11 86  1
24 D 954 86  1
25 L 11 71  1
25 D 955 71  1
26 L 13 259  1
26 D 956 259  1
27 L 15 100  1
27 D 957 100  1
28 L 6 785  1
28 D 958 785  1
29 L 1 191  1
29 D 959 191  1
0 L 4 80  1
0 D 960 80  1
1 L 8 85  1
1 D 961 85  1
2 L 0 334  1
2 D 962 334  1
3 L 8 639  1
3 D 963 639  1
4 L 10 931  1
4 D 964 931  1
5 L 0 386  1
5 D 965 386  1
6 L 4 435  1
6 D 966 435  1
7 L 7 412  1
7 D 967 412  1
8 L 4 1285  1
8 D 968 1285  1
9 L 8 4  1
9 D 969 4  1
10 L 11 111  1
10 D 970 111  1
11 L 15 52  1
11 D 971 52  1
12 L 1 52  1
12 D 972 52  1
13 L 10 94  1
13 D 973 94  1
14 L 10 761  1
14 D 974 761  1
15 L 6 54  1
15 D 975 54  1
16 L 4 509  1
16 D 976 509  1
17 L 3 5  1
17 D 977 5  1
18 L 5 19  1
18 D 978 19  1
19 L 10 175  1
19 D 979 175  1
20 L 8 1335  1
20 D 980 1335  1
21 L 0 732  1
21 D 981 732  1
22 L 11 1715  1
22 D 982 1715  1
23 L 8 26  1
23 D 983 26  1
24 L 15 412  1
24 D 984 412  1
25 L 11 185  1
25 D 985 185  1
26 L 8 90  1
26 D 986 90  1
27 L 2 114  1
27 D 987 114  1
28 L 8 42  1
28 D 988 42  1
29 L 15 534  1
29 D 989 534  1
