2456
0 L 3 6  1
0 D 0 6  1
1 L 0 163  1
1 D 1 163  1
2 L 0 81  1
2 D 2 81  1
3 L 0 37  1
3 D 3 37  1
4 L 3 18  1
4 D 4 18  1
5 L 0 43  1
5 D 5 43  1
6 L 2 55  1
6 D 6 55  1
7 L 2 49  1
7 D 7 49  1
8 L 0 16  1
8 D 8 16  1
9 L 0 83  1
9 D 9 83  1
10 L 0 10  1
10 D 10 10  1
11 L 0 230  1
11 D 11 230  1
12 L 2 30  1
12 D 12 30  1
13 L 0 26  1
13 D 13 26  1
14 L 0 17  1
14 D 14 17  1
15 L 0 21  1
15 D 15 21  1
16 L 0 35  1
16 D 16 35  1
17 L 0 10  1
17 D 17 10  1
18 L 5 344  1
18 D 18 344  1
19 L 0 109  1
19 D 19 109  1
20 L 0 15  2
20 D 20 15  2
21 L 2 84  1
21 D 21 84  1
22 L 0 43  1
22 D 22 43  1
23 L 6 51  1
23 D 23 51  1
24 L 0 114  1
24 D 24 114  1
25 L 1 198  1
25 D 25 198  1
26 L 0 21  1
26 D 26 21  1
27 L 0 8  1
27 D 27 8  1
28 L 0 52  1
28 D 28 52  1
29 L 6 89  1
29 D 29 89  1
0 L 2 44  1
0 D 30 44  1
1 L 4 86  1
1 D 31 86  1
2 L 8 41  1
2 D 32 41  1
3 L 9 29  1
3 D 33 29  1
4 L 6 64  1
4 D 34 64  1
5 L 5 8  1
5 D 35 8  1
6 L 4 47  1
6 D 36 47  1
7 L 3 15  1
7 D 37 15  1
8 L 1 363  1
8 D 38 363  1
9 L 0 31  1
9 D 39 31  1
10 L 3 38  1
10 D 40 38  1
11 L 2 56  1
11 D 41 56  1
12 L 7 108  1
12 D 42 108  1
13 L 3 50  1
13 D 43 50  1
14 L 0 179  1
14 D 44 179  1
15 L 3 50  2
15 D 45 50  2
16 L 9 310  1
16 D 46 310  1
17 L 4 63  1
17 D 47 63  1
18 L 3 127  1
18 D 48 127  1
19 L 0 73  1
19 D 49 73  1
20 L 3 43  1
20 D 50 43  1
21 L 0 34  1
21 D 51 34  1
22 L 4 10  2
22 D 52 10  2
23 L 9 32  1
23 D 53 32  1
24 L 8 5  1
24 D 54 5  1
25 L 6 24  1
25 D 55 24  1
26 L 3 26  1
26 D 56 26  1
27 L 4 60  1
27 D 57 60  1
28 L 3 18  1
28 D 58 18  1
29 L 9 14  1
29 D 59 14  1
0 L 7 278  1
0 D 60 278  1
1 L 0 2  1
1 D 61 2  1
2 L 7 68  1
2 D 62 68  1
3 L 7 108  1
3 D 63 108  1
4 L 6 35  1
4 D 64 35  1
5 L 6 16  1
5 D 65 16  1
6 L 6 100  1
6 D 66 100  1
7 L 9 12  1
7 D 67 12  1
8 L 3 10  1
8 D 68 10  1
9 L 4 11  1
9 D 69 11  1
10 L 9 12  1
10 D 70 12  1
11 L 2 7  1
11 D 71 7  1
12 L 0 73  1
12 D 72 73  1
13 L 0 2  1
13 D 73 2  1
14 L 4 61  1
14 D 74 61  1
15 L 4 78  1
15 D 75 78  1
16 L 0 31  1
16 D 76 31  1
17 L 0 132  1
17 D 77 132  1
18 L 6 63  1
18 D 78 63  1
19 L 3 104  1
19 D 79 104  1
20 L 6 81  1
20 D 80 81  1
21 L 1 28  1
21 D 81 28  1
22 L 2 358  1
22 D 82 358  1
23 L 5 8  1
23 D 83 8  1
24 L 7 57  1
24 D 84 57  1
25 L 9 128  1
25 D 85 128  1
26 L 4 46  1
26 D 86 46  1
27 L 3 135  1
27 D 87 135  1
28 L 9 47  1
28 D 88 47  1
29 L 3 18  1
29 D 89 18  1
0 L 8 41  1
0 D 90 41  1
1 L 5 43  1
1 D 91 43  1
2 L 3 83  1
2 D 92 83  1
3 L 4 119  1
3 D 93 119  1
4 L 4 50  1
4 D 94 50  1
5 L 9 83  1
5 D 95 83  1
6 L 4 15  1
6 D 96 15  1
7 L 2 3  1
7 D 97 3  1
8 L 4 2  2
8 D 98 2  2
9 L 5 1  1
9 D 99 1  1
10 L 4 77  1
10 D 100 77  1
11 L 2 7  1
11 D 101 7  1
12 L 0 26  1
12 D 102 26  1
13 L 3 16  1
13 D 103 16  1
14 L 9 128  1
14 D 104 128  1
15 L 3 45  1
15 D 105 45  1
16 L 4 2  1
16 D 106 2  1
17 L 0 17  1
17 D 107 17  1
18 L 4 61  1
18 D 108 61  1
19 L 4 50  1
19 D 109 50  1
20 L 3 83  1
20 D 110 83  1
21 L 3 16  1
21 D 111 16  1
22 L 2 7  1
22 D 112 7  1
23 L 5 26  1
23 D 113 26  1
24 L 0 35  1
24 D 114 35  1
25 L 5 242  1
25 D 115 242  1
26 L 9 14  1
26 D 116 14  1
27 L 7 19  1
27 D 117 19  1
28 L 6 51  1
28 D 118 51  1
29 L 9 32  1
29 D 119 32  1
0 L 4 78  1
0 D 120 78  1
1 L 9 251  1
1 D 121 251  1
2 L 9 57  1
2 D 122 57  1
3 L 4 210  1
3 D 123 210  1
4 L 3 10  1
4 D 124 10  1
5 L 8 41  1
5 D 125 41  1
6 L 9 235  1
6 D 126 235  1
7 L 4 163  1
7 D 127 163  1
8 L 1 45  1
8 D 128 45  1
9 L 6 37  1
9 D 129 37  1
10 L 2 7  1
10 D 130 7  1
11 L 2 49  1
11 D 131 49  1
12 L 3 121  1
12 D 132 121  1
13 L 4 35  1
13 D 133 35  1
14 L 3 81  1
14 D 134 81  1
15 L 4 32  1
15 D 135 32  1
16 L 9 25  1
16 D 136 25  1
17 L 7 97  1
17 D 137 97  1
18 L 9 37  1
18 D 138 37  1
19 L 2 30  1
19 D 139 30  1
20 L 5 57  1
20 D 140 57  1
21 L 6 36  1
21 D 141 36  1
22 L 3 13  1
22 D 142 13  1
23 L 0 73  1
23 D 143 73  1
24 L 3 17  1
24 D 144 17  1
25 L 6 62  1
25 D 145 62  1
26 L 3 26  1
26 D 146 26  1
27 L 5 26  1
27 D 147 26  1
28 L 5 1  1
28 D 148 1  1
29 L 2 49  1
29 D 149 49  1
0 L 2 17  1
0 D 150 17  1
1 L 0 47  1
1 D 151 47  1
2 L 5 375  1
2 D 152 375  1
3 L 4 59  1
3 D 153 59  1
4 L 5 10  1
4 D 154 10  1
5 L 9 26  1
5 D 155 26  1
6 L 4 52  1
6 D 156 52  1
7 L 6 45  1
7 D 157 45  1
8 L 4 8  1
8 D 158 8  1
9 L 5 8  1
9 D 159 8  1
10 L 8 41  1
10 D 160 41  1
11 L 0 92  1
11 D 161 92  1
12 L 0 31  1
12 D 162 31  1
13 L 9 14  2
13 D 163 14  2
14 L 8 22  1
14 D 164 22  1
15 L 4 10  1
15 D 165 10  1
16 L 3 27  1
16 D 166 27  1
17 L 2 234  1
17 D 167 234  1
18 L 7 145  1
18 D 168 145  1
19 L 6 8  1
19 D 169 8  1
20 L 9 12  1
20 D 170 12  1
21 L 6 107  1
21 D 171 107  1
22 L 5 71  1
22 D 172 71  1
23 L 3 8  1
23 D 173 8  1
24 L 4 34  1
24 D 174 34  1
25 L 8 66  1
25 D 175 66  1
26 L 4 96  1
26 D 176 96  1
27 L 5 244  1
27 D 177 244  1
28 L 8 66  1
28 D 178 66  1
29 L 3 21  1
29 D 179 21  1
0 L 2 166  1
0 D 180 166  1
1 L 5 16  1
1 D 181 16  1
2 L 4 26  1
2 D 182 26  1
3 L 5 16  1
3 D 183 16  1
4 L 4 16  1
4 D 184 16  1
5 L 2 64  1
5 D 185 64  1
6 L 4 57  1
6 D 186 57  1
7 L 8 0  1
7 D 187 0  1
8 L 3 63  1
8 D 188 63  1
9 L 4 17  1
9 D 189 17  1
10 L 8 41  1
10 D 190 41  1
11 L 3 18  1
11 D 191 18  1
12 L 6 8  1
12 D 192 8  1
13 L 5 15  1
13 D 193 15  1
14 L 4 283  1
14 D 194 283  1
15 L 2 7  1
15 D 195 7  1
16 L 9 119  1
16 D 196 119  1
17 L 4 16  1
17 D 197 16  1
18 L 4 36  1
18 D 198 36  1
19 L 3 2  1
19 D 199 2  1
20 L 9 32  1
20 D 200 32  1
21 L 4 24  1
21 D 201 24  1
22 L 7 68  1
22 D 202 68  1
23 L 4 214  1
23 D 203 214  1
24 L 6 104  1
24 D 204 104  1
25 L 7 145  1
25 D 205 145  1
26 L 0 40  1
26 D 206 40  1
27 L 5 10  1
27 D 207 10  1
28 L 6 60  1
28 D 208 60  1
29 L 3 27  1
29 D 209 27  1
0 L 7 63  1
0 D 210 63  1
1 L 0 50  1
1 D 211 50  1
2 L 1 50  1
2 D 212 50  1
3 L 4 32  1
3 D 213 32  1
4 L 3 26  1
4 D 214 26  1
5 L 9 8  1
5 D 215 8  1
6 L 4 83  1
6 D 216 83  1
7 L 5 32  1
7 D 217 32  1
8 L 9 278  1
8 D 218 278  1
9 L 9 14  1
9 D 219 14  1
10 L 3 47  1
10 D 220 47  1
11 L 6 10  1
11 D 221 10  1
12 L 2 35  1
12 D 222 35  1
13 L 5 75  1
13 D 223 75  1
14 L 2 30  1
14 D 224 30  1
15 L 7 63  1
15 D 225 63  1
16 L 7 62  1
16 D 226 62  1
17 L 7 111  1
17 D 227 111  1
18 L 5 23  1
18 D 228 23  1
19 L 4 3  1
19 D 229 3  1
20 L 9 35  1
20 D 230 35  1
21 L 6 16  1
21 D 231 16  1
22 L 4 64  1
22 D 232 64  1
23 L 2 30  1
23 D 233 30  1
24 L 3 38  1
24 D 234 38  1
25 L 4 59  1
25 D 235 59  1
26 L 9 160  1
26 D 236 160  1
27 L 4 38  1
27 D 237 38  1
28 L 5 237  1
28 D 238 237  1
29 L 4 151  1
29 D 239 151  1
0 L 7 105  1
0 D 240 105  1
1 L 3 121  1
1 D 241 121  1
2 L 0 73  1
2 D 242 73  1
3 L 6 36  1
3 D 243 36  1
4 L 1 28  1
4 D 244 28  1
5 L 0 175  1
5 D 245 175  1
6 L 4 16  1
6 D 246 16  1
7 L 9 16  1
7 D 247 16  1
8 L 0 46  1
8 D 248 46  1
9 L 7 21  1
9 D 249 21  1
10 L 6 40  1
10 D 250 40  1
11 L 3 2  1
11 D 251 2  1
12 L 1 54  1
12 D 252 54  1
13 L 5 63  1
13 D 253 63  1
14 L 2 222  1
14 D 254 222  1
15 L 6 64  1
15 D 255 64  1
16 L 8 66  1
16 D 256 66  1
17 L 6 34  1
17 D 257 34  1
18 L 1 28  1
18 D 258 28  1
19 L 0 32  1
19 D 259 32  1
20 L 7 97  1
20 D 260 97  1
21 L 5 32  1
21 D 261 32  1
22 L 5 23  1
22 D 262 23  1
23 L 4 167  1
23 D 263 167  1
24 L 9 14  1
24 D 264 14  1
25 L 4 16  1
25 D 265 16  1
26 L 0 182  1
26 D 266 182  1
27 L 2 35  1
27 D 267 35  1
28 L 8 21  1
28 D 268 21  1
29 L 2 55  1
29 D 269 55  1
0 L 9 12  1
0 D 270 12  1
1 L 5 24  1
1 D 271 24  1
2 L 3 35  1
2 D 272 35  1
3 L 2 7  1
3 D 273 7  1
4 L 6 53  1
4 D 274 53  1
5 L 6 111  1
5 D 275 111  1
6 L 0 154  1
6 D 276 154  1
7 L 2 30  1
7 D 277 30  1
8 L 4 75  1
8 D 278 75  1
9 L 6 107  1
9 D 279 107  1
10 L 8 5  1
10 D 280 5  1
11 L 9 29  1
11 D 281 29  1
12 L 2 55  1
12 D 282 55  1
13 L 9 138  1
13 D 283 138  1
14 L 7 8  1
14 D 284 8  1
15 L 2 24  1
15 D 285 24  1
16 L 9 81  1
16 D 286 81  1
17 L 3 118  1
17 D 287 118  1
18 L 8 41  1
18 D 288 41  1
19 L 3 15  2
19 D 289 15  2
20 L 5 23  1
20 D 290 23  1
21 L 9 43  1
21 D 291 43  1
22 L 7 15  1
22 D 292 15  1
23 L 3 18  1
23 D 293 18  1
24 L 6 142  1
24 D 294 142  1
25 L 5 1  1
25 D 295 1  1
26 L 8 67  1
26 D 296 67  1
27 L 8 41  1
27 D 297 41  1
28 L 9 8  1
28 D 298 8  1
29 L 7 105  1
29 D 299 105  1
0 L 7 8  1
0 D 300 8  1
1 L 8 81  1
1 D 301 81  1
2 L 3 121  1
2 D 302 121  1
3 L 3 396  1
3 D 303 396  1
4 L 7 15  1
4 D 304 15  1
5 L 7 201  1
5 D 305 201  1
6 L 1 211  1
6 D 306 211  1
7 L 6 26  1
7 D 307 26  1
8 L 1 28  1
8 D 308 28  1
9 L 6 129  1
9 D 309 129  1
10 L 7 68  1
10 D 310 68  1
11 L 3 37  1
11 D 311 37  1
12 L 9 16  1
12 D 312 16  1
13 L 3 18  1
13 D 313 18  1
14 L 3 121  1
14 D 314 121  1
15 L 4 45  1
15 D 315 45  1
16 L 2 49  1
16 D 316 49  1
17 L 3 132  1
17 D 317 132  1
18 L 6 255  1
18 D 318 255  1
19 L 4 104  1
19 D 319 104  1
20 L 9 29  1
20 D 320 29  1
21 L 4 155  1
21 D 321 155  1
22 L 3 32  1
22 D 322 32  1
23 L 7 26  1
23 D 323 26  1
24 L 7 65  1
24 D 324 65  1
25 L 8 125  1
25 D 325 125  1
26 L 4 136  1
26 D 326 136  1
27 L 7 93  1
27 D 327 93  1
28 L 5 71  1
28 D 328 71  1
29 L 3 13  1
29 D 329 13  1
0 L 3 17  1
0 D 330 17  1
1 L 4 50  1
1 D 331 50  1
2 L 4 127  1
2 D 332 127  1
3 L 7 105  1
3 D 333 105  1
4 L 2 7  1
4 D 334 7  1
5 L 0 15  1
5 D 335 15  1
6 L 4 45  1
6 D 336 45  1
7 L 4 100  1
7 D 337 100  1
8 L 3 6  1
8 D 338 6  1
9 L 9 50  1
9 D 339 50  1
10 L 2 30  1
10 D 340 30  1
11 L 0 73  1
11 D 341 73  1
12 L 2 16  1
12 D 342 16  1
13 L 1 54  1
13 D 343 54  1
14 L 7 19  1
14 D 344 19  1
15 L 0 35  2
15 D 345 35  2
16 L 4 83  1
16 D 346 83  1
17 L 2 76  1
17 D 347 76  1
18 L 6 50  1
18 D 348 50  1
19 L 7 76  1
19 D 349 76  1
20 L 9 16  1
20 D 350 16  1
21 L 4 62  1
21 D 351 62  1
22 L 6 142  1
22 D 352 142  1
23 L 4 11  1
23 D 353 11  1
24 L 3 24  1
24 D 354 24  1
25 L 6 104  1
25 D 355 104  1
26 L 3 35  1
26 D 356 35  1
27 L 4 52  1
27 D 357 52  1
28 L 2 49  1
28 D 358 49  1
29 L 2 7  1
29 D 359 7  1
0 L 2 30  1
0 D 360 30  1
1 L 1 54  1
1 D 361 54  1
2 L 9 58  1
2 D 362 58  1
3 L 3 288  1
3 D 363 288  1
4 L 3 4  1
4 D 364 4  1
5 L 3 94  1
5 D 365 94  1
6 L 4 46  1
6 D 366 46  1
7 L 3 20  1
7 D 367 20  1
8 L 7 34  1
8 D 368 34  1
9 L 5 17  1
9 D 369 17  1
10 L 9 16  1
10 D 370 16  1
11 L 0 85  1
11 D 371 85  1
12 L 6 51  1
12 D 372 51  1
13 L 0 61  1
13 D 373 61  1
14 L 4 16  1
14 D 374 16  1
15 L 0 40  1
15 D 375 40  1
16 L 6 10  1
16 D 376 10  1
17 L 6 218  1
17 D 377 218  1
18 L 9 337  1
18 D 378 337  1
19 L 4 86  1
19 D 379 86  1
20 L 0 2  1
20 D 380 2  1
21 L 7 35  1
21 D 381 35  1
22 L 4 57  1
22 D 382 57  1
23 L 3 45  1
23 D 383 45  1
24 L 1 104  1
24 D 384 104  1
25 L 5 2  1
25 D 385 2  1
26 L 4 17  1
26 D 386 17  1
27 L 9 2  1
27 D 387 2  1
28 L 0 31  1
28 D 388 31  1
29 L 7 50  1
29 D 389 50  1
0 L 9 219  1
0 D 390 219  1
1 L 1 54  1
1 D 391 54  1
2 L 0 182  1
2 D 392 182  1
3 L 4 77  1
3 D 393 77  1
4 L 9 58  1
4 D 394 58  1
5 L 6 64  1
5 D 395 64  1
6 L 4 86  1
6 D 396 86  1
7 L 3 18  1
7 D 397 18  1
8 L 1 28  1
8 D 398 28  1
9 L 3 27  1
9 D 399 27  1
10 L 5 71  1
10 D 400 71  1
11 L 6 26  1
11 D 401 26  1
12 L 5 15  1
12 D 402 15  1
13 L 1 54  1
13 D 403 54  1
14 L 6 53  1
14 D 404 53  1
15 L 5 2  1
15 D 405 2  1
16 L 0 31  1
16 D 406 31  1
17 L 1 39  1
17 D 407 39  1
18 L 6 46  1
18 D 408 46  1
19 L 9 383  1
19 D 409 383  1
20 L 7 19  1
20 D 410 19  1
21 L 8 41  1
21 D 411 41  1
22 L 4 26  1
22 D 412 26  1
23 L 2 64  1
23 D 413 64  1
24 L 5 50  1
24 D 414 50  1
25 L 7 145  1
25 D 415 145  1
26 L 7 68  1
26 D 416 68  1
27 L 9 25  1
27 D 417 25  1
28 L 9 57  1
28 D 418 57  1
29 L 3 63  1
29 D 419 63  1
0 L 2 7  1
0 D 420 7  1
1 L 7 19  1
1 D 421 19  1
2 L 7 10  1
2 D 422 10  1
3 L 4 185  1
3 D 423 185  1
4 L 8 22  1
4 D 424 22  1
5 L 9 225  1
5 D 425 225  1
6 L 2 30  1
6 D 426 30  1
7 L 4 26  1
7 D 427 26  1
8 L 3 26  1
8 D 428 26  1
9 L 0 16  1
9 D 429 16  1
10 L 9 12  1
10 D 430 12  1
11 L 9 2  1
11 D 431 2  1
12 L 8 41  1
12 D 432 41  1
13 L 8 41  1
13 D 433 41  1
14 L 1 28  1
14 D 434 28  1
15 L 0 73  1
15 D 435 73  1
16 L 6 16  1
16 D 436 16  1
17 L 3 172  1
17 D 437 172  1
18 L 3 52  1
18 D 438 52  1
19 L 0 36  1
19 D 439 36  1
20 L 4 38  1
20 D 440 38  1
21 L 3 32  1
21 D 441 32  1
22 L 9 29  1
22 D 442 29  1
23 L 3 121  1
23 D 443 121  1
24 L 1 54  1
24 D 444 54  1
25 L 4 138  1
25 D 445 138  1
26 L 9 69  1
26 D 446 69  1
27 L 8 5  1
27 D 447 5  1
28 L 3 35  1
28 D 448 35  1
29 L 2 100  1
29 D 449 100  1
0 L 9 14  1
0 D 450 14  1
1 L 1 28  1
1 D 451 28  1
2 L 9 14  1
2 D 452 14  1
3 L 6 149  1
3 D 453 149  1
4 L 7 24  1
4 D 454 24  1
5 L 9 58  1
5 D 455 58  1
6 L 2 7  1
6 D 456 7  1
7 L 8 5  1
7 D 457 5  1
8 L 7 19  1
8 D 458 19  1
9 L 8 125  1
9 D 459 125  1
10 L 5 1  1
10 D 460 1  1
11 L 0 216  1
11 D 461 216  1
12 L 4 35  1
12 D 462 35  1
13 L 4 21  1
13 D 463 21  1
14 L 9 299  1
14 D 464 299  1
15 L 4 110  1
15 D 465 110  1
16 L 2 49  1
16 D 466 49  1
16 L 2 49  1
16 D 466 49  1
17 L 0 16  1
17 D 467 16  1
18 L 6 170  1
18 D 468 170  1
19 L 8 66  1
19 D 469 66  1
20 L 3 27  1
20 D 470 27  1
21 L 3 24  2
21 D 471 24  2
22 L 7 108  1
22 D 472 108  1
23 L 1 147  1
23 D 473 147  1
24 L 8 102  1
24 D 474 102  1
25 L 3 48  1
25 D 475 48  1
26 L 7 19  1
26 D 476 19  1
27 L 3 18  1
27 D 477 18  1
28 L 0 26  1
28 D 478 26  1
29 L 9 12  1
29 D 479 12  1
0 L 5 52  1
0 D 480 52  1
1 L 4 26  1
1 D 481 26  1
2 L 8 5  1
2 D 482 5  1
3 L 5 23  1
3 D 483 23  1
4 L 9 160  1
4 D 484 160  1
5 L 4 78  1
5 D 485 78  1
6 L 2 49  1
6 D 486 49  1
7 L 3 80  1
7 D 487 80  1
8 L 9 10  1
8 D 488 10  1
9 L 6 8  1
9 D 489 8  1
10 L 4 63  1
10 D 490 63  1
11 L 4 114  1
11 D 491 114  1
12 L 2 56  1
12 D 492 56  1
13 L 3 159  1
13 D 493 159  1
14 L 1 28  1
14 D 494 28  1
15 L 8 66  1
15 D 495 66  1
16 L 3 138  1
16 D 496 138  1
17 L 0 179  1
17 D 497 179  1
18 L 2 30  1
18 D 498 30  1
19 L 9 12  1
19 D 499 12  1
20 L 6 2  1
20 D 500 2  1
21 L 3 70  1
21 D 501 70  1
22 L 3 80  1
22 D 502 80  1
23 L 5 1  1
23 D 503 1  1
24 L 3 18  1
24 D 504 18  1
25 L 0 77  1
25 D 505 77  1
26 L 3 75  1
26 D 506 75  1
27 L 3 18  1
27 D 507 18  1
28 L 3 46  1
28 D 508 46  1
29 L 3 42  1
29 D 509 42  1
0 L 3 16  1
0 D 510 16  1
1 L 8 5  1
1 D 511 5  1
2 L 2 57  1
2 D 512 57  1
3 L 8 66  1
3 D 513 66  1
4 L 6 2  1
4 D 514 2  1
5 L 0 99  1
5 D 515 99  1
6 L 5 106  1
6 D 516 106  1
7 L 7 15  1
7 D 517 15  1
8 L 1 54  1
8 D 518 54  1
9 L 5 230  1
9 D 519 230  1
10 L 4 86  1
10 D 520 86  1
11 L 6 348  1
11 D 521 348  1
12 L 5 127  1
12 D 522 127  1
13 L 0 3  1
13 D 523 3  1
14 L 0 164  1
14 D 524 164  1
15 L 3 35  1
15 D 525 35  1
16 L 3 57  1
16 D 526 57  1
17 L 4 117  1
17 D 527 117  1
18 L 3 26  1
18 D 528 26  1
19 L 0 247  1
19 D 529 247  1
20 L 4 96  1
20 D 530 96  1
21 L 2 16  1
21 D 531 16  1
22 L 2 7  1
22 D 532 7  1
23 L 2 55  1
23 D 533 55  1
24 L 9 74  1
24 D 534 74  1
25 L 3 18  1
25 D 535 18  1
26 L 3 18  1
26 D 536 18  1
27 L 7 40  1
27 D 537 40  1
28 L 3 88  1
28 D 538 88  1
29 L 1 54  1
29 D 539 54  1
0 L 7 35  1
0 D 540 35  1
1 L 3 6  1
1 D 541 6  1
2 L 2 3  1
2 D 542 3  1
3 L 6 126  1
3 D 543 126  1
4 L 5 113  1
4 D 544 113  1
5 L 3 27  1
5 D 545 27  1
6 L 4 63  1
6 D 546 63  1
7 L 8 22  1
7 D 547 22  1
8 L 8 67  1
8 D 548 67  1
9 L 4 43  1
9 D 549 43  1
10 L 7 2  1
10 D 550 2  1
11 L 5 35  1
11 D 551 35  1
12 L 5 15  1
12 D 552 15  1
13 L 3 16  1
13 D 553 16  1
14 L 9 303  1
14 D 554 303  1
15 L 8 41  1
15 D 555 41  1
16 L 9 172  1
16 D 556 172  1
17 L 0 95  1
17 D 557 95  1
18 L 5 113  1
18 D 558 113  1
19 L 6 79  1
19 D 559 79  1
20 L 5 196  1
20 D 560 196  1
21 L 4 17  1
21 D 561 17  1
22 L 5 71  1
22 D 562 71  1
23 L 4 4  1
23 D 563 4  1
24 L 1 349  1
24 D 564 349  1
25 L 7 2  1
25 D 565 2  1
26 L 6 8  1
26 D 566 8  1
27 L 2 77  1
27 D 567 77  1
28 L 9 29  1
28 D 568 29  1
29 L 2 7  1
29 D 569 7  1
0 L 3 61  1
0 D 570 61  1
1 L 6 142  1
1 D 571 142  1
2 L 3 61  1
2 D 572 61  1
3 L 6 129  1
3 D 573 129  1
4 L 8 41  1
4 D 574 41  1
5 L 6 16  1
5 D 575 16  1
6 L 6 63  1
6 D 576 63  1
7 L 0 63  1
7 D 577 63  1
8 L 0 31  1
8 D 578 31  1
9 L 5 23  1
9 D 579 23  1
10 L 6 106  1
10 D 580 106  1
11 L 6 17  1
11 D 581 17  1
12 L 8 5  1
12 D 582 5  1
13 L 0 323  1
13 D 583 323  1
14 L 4 35  1
14 D 584 35  1
15 L 7 75  1
15 D 585 75  1
16 L 4 78  1
16 D 586 78  1
17 L 0 31  1
17 D 587 31  1
18 L 8 161  1
18 D 588 161  1
19 L 5 23  1
19 D 589 23  1
20 L 4 64  1
20 D 590 64  1
21 L 4 78  1
21 D 591 78  1
22 L 9 12  1
22 D 592 12  1
23 L 4 11  1
23 D 593 11  1
24 L 3 100  1
24 D 594 100  1
25 L 6 51  1
25 D 595 51  1
26 L 7 19  1
26 D 596 19  1
27 L 6 16  1
27 D 597 16  1
28 L 3 13  1
28 D 598 13  1
29 L 7 105  1
29 D 599 105  1
0 L 8 5  1
0 D 600 5  1
1 L 8 22  1
1 D 601 22  1
2 L 3 18  1
2 D 602 18  1
3 L 2 63  1
3 D 603 63  1
4 L 5 1  1
4 D 604 1  1
5 L 4 78  1
5 D 605 78  1
6 L 3 24  1
6 D 606 24  1
7 L 7 8  1
7 D 607 8  1
8 L 9 58  1
8 D 608 58  1
9 L 6 2  1
9 D 609 2  1
10 L 8 67  1
10 D 610 67  1
11 L 6 16  1
11 D 611 16  1
12 L 9 63  1
12 D 612 63  1
13 L 5 61  1
13 D 613 61  1
14 L 6 51  1
14 D 614 51  1
15 L 9 8  1
15 D 615 8  1
16 L 8 267  1
16 D 616 267  1
17 L 4 81  1
17 D 617 81  1
18 L 4 96  1
18 D 618 96  1
19 L 0 199  1
19 D 619 199  1
20 L 4 48  1
20 D 620 48  1
21 L 3 16  1
21 D 621 16  1
22 L 3 64  1
22 D 622 64  1
23 L 8 5  1
23 D 623 5  1
24 L 2 15  1
24 D 624 15  1
25 L 2 205  1
25 D 625 205  1
26 L 6 50  1
26 D 626 50  1
27 L 1 16  1
27 D 627 16  1
28 L 0 82  1
28 D 628 82  1
29 L 3 153  1
29 D 629 153  1
0 L 3 119  1
0 D 630 119  1
1 L 9 63  1
1 D 631 63  1
2 L 0 60  1
2 D 632 60  1
3 L 3 75  1
3 D 633 75  1
4 L 7 220  2
4 D 634 220  2
5 L 3 83  1
5 D 635 83  1
6 L 3 27  1
6 D 636 27  1
7 L 6 17  1
7 D 637 17  1
8 L 6 195  1
8 D 638 195  1
9 L 5 50  1
9 D 639 50  1
10 L 7 2  1
10 D 640 2  1
11 L 9 14  1
11 D 641 14  1
12 L 2 8  1
12 D 642 8  1
13 L 5 21  1
13 D 643 21  1
14 L 1 54  1
14 D 644 54  1
15 L 0 16  1
15 D 645 16  1
16 L 2 49  1
16 D 646 49  1
17 L 5 16  1
17 D 647 16  1
18 L 1 39  1
18 D 648 39  1
19 L 9 14  1
19 D 649 14  1
20 L 5 35  1
20 D 650 35  1
21 L 2 2  1
21 D 651 2  1
22 L 4 300  1
22 D 652 300  1
23 L 2 30  1
23 D 653 30  1
23 L 2 30  1
23 D 653 30  1
24 L 7 19  1
24 D 654 19  1
25 L 7 24  1
25 D 655 24  1
26 L 3 37  1
26 D 656 37  1
27 L 6 172  1
27 D 657 172  1
28 L 3 81  1
28 D 658 81  1
29 L 3 123  1
29 D 659 123  1
0 L 2 100  1
0 D 660 100  1
1 L 9 38  1
1 D 661 38  1
2 L 6 89  1
2 D 662 89  1
3 L 3 81  1
3 D 663 81  1
4 L 4 205  1
4 D 664 205  1
5 L 9 14  1
5 D 665 14  1
6 L 3 48  1
6 D 666 48  1
7 L 2 26  1
7 D 667 26  1
8 L 9 29  1
8 D 668 29  1
9 L 9 116  1
9 D 669 116  1
10 L 7 19  1
10 D 670 19  1
11 L 7 50  1
11 D 671 50  1
12 L 6 90  1
12 D 672 90  1
13 L 3 64  1
13 D 673 64  1
14 L 3 6  1
14 D 674 6  1
15 L 8 2  1
15 D 675 2  1
16 L 2 30  1
16 D 676 30  1
17 L 9 62  1
17 D 677 62  1
18 L 3 27  1
18 D 678 27  1
19 L 7 141  1
19 D 679 141  1
20 L 4 64  1
20 D 680 64  1
21 L 8 2  1
21 D 681 2  1
22 L 8 5  1
22 D 682 5  1
23 L 5 184  1
23 D 683 184  1
24 L 0 73  1
24 D 684 73  1
25 L 6 32  1
25 D 685 32  1
26 L 0 35  1
26 D 686 35  1
27 L 1 32  1
27 D 687 32  1
28 L 4 214  1
28 D 688 214  1
29 L 7 138  1
29 D 689 138  1
0 L 4 86  1
0 D 690 86  1
1 L 8 67  1
1 D 691 67  1
2 L 9 14  1
2 D 692 14  1
3 L 0 31  1
3 D 693 31  1
4 L 5 1  1
4 D 694 1  1
5 L 9 14  1
5 D 695 14  1
6 L 6 96  1
6 D 696 96  1
7 L 3 70  1
7 D 697 70  1
8 L 9 14  1
8 D 698 14  1
9 L 0 31  1
9 D 699 31  1
10 L 5 23  1
10 D 700 23  1
11 L 3 26  1
11 D 701 26  1
12 L 0 114  1
12 D 702 114  1
13 L 7 17  1
13 D 703 17  1
14 L 7 10  1
14 D 704 10  1
15 L 3 18  1
15 D 705 18  1
16 L 9 10  1
16 D 706 10  1
17 L 9 111  1
17 D 707 111  1
18 L 0 65  1
18 D 708 65  1
19 L 9 114  1
19 D 709 114  1
20 L 1 28  1
20 D 710 28  1
21 L 3 36  1
21 D 711 36  1
22 L 5 99  1
22 D 712 99  1
22 L 5 99  1
22 D 712 99  1
23 L 8 5  1
23 D 713 5  1
24 L 8 5  1
24 D 714 5  1
25 L 4 273  1
25 D 715 273  1
26 L 6 136  1
26 D 716 136  1
27 L 8 22  1
27 D 717 22  1
28 L 4 136  1
28 D 718 136  1
29 L 7 97  1
29 D 719 97  1
0 L 4 78  1
0 D 720 78  1
1 L 7 26  1
1 D 721 26  1
2 L 6 79  1
2 D 722 79  1
3 L 0 15  1
3 D 723 15  1
4 L 4 57  1
4 D 724 57  1
5 L 9 12  1
5 D 725 12  1
6 L 3 47  1
6 D 726 47  1
7 L 4 162  1
7 D 727 162  1
8 L 2 30  1
8 D 728 30  1
9 L 4 223  1
9 D 729 223  1
10 L 8 125  1
10 D 730 125  1
11 L 3 224  1
11 D 731 224  1
12 L 9 14  1
12 D 732 14  1
13 L 8 2  1
13 D 733 2  1
14 L 6 40  1
14 D 734 40  1
15 L 5 26  3
15 D 735 26  3
16 L 9 50  1
16 D 736 50  1
17 L 6 53  1
17 D 737 53  1
18 L 9 15  1
18 D 738 15  1
19 L 7 17  1
19 D 739 17  1
20 L 8 96  1
20 D 740 96  1
21 L 8 66  1
21 D 741 66  1
22 L 7 97  1
22 D 742 97  1
23 L 7 68  1
23 D 743 68  1
24 L 2 35  1
24 D 744 35  1
25 L 9 219  1
25 D 745 219  1
26 L 7 48  1
26 D 746 48  1
26 L 7 48  1
26 D 746 48  1
27 L 5 71  1
27 D 747 71  1
28 L 2 158  1
28 D 748 158  1
29 L 9 24  1
29 D 749 24  1
0 L 1 54  1
0 D 750 54  1
1 L 9 64  1
1 D 751 64  1
2 L 7 10  1
2 D 752 10  1
3 L 1 28  1
3 D 753 28  1
4 L 2 172  1
4 D 754 172  1
5 L 8 41  1
5 D 755 41  1
6 L 4 45  1
6 D 756 45  1
7 L 4 186  1
7 D 757 186  1
8 L 9 58  1
8 D 758 58  1
9 L 4 59  1
9 D 759 59  1
10 L 1 54  1
10 D 760 54  1
11 L 0 31  1
11 D 761 31  1
12 L 5 38  1
12 D 762 38  1
13 L 5 23  1
13 D 763 23  1
14 L 3 62  1
14 D 764 62  1
15 L 7 68  1
15 D 765 68  1
16 L 0 72  1
16 D 766 72  1
17 L 1 83  1
17 D 767 83  1
18 L 0 168  1
18 D 768 168  1
19 L 3 18  1
19 D 769 18  1
20 L 5 81  1
20 D 770 81  1
21 L 6 8  1
21 D 771 8  1
22 L 8 41  1
22 D 772 41  1
23 L 3 94  1
23 D 773 94  1
24 L 0 31  1
24 D 774 31  1
25 L 6 241  1
25 D 775 241  1
26 L 7 191  1
26 D 776 191  1
27 L 6 0  1
27 D 777 0  1
28 L 2 99  1
28 D 778 99  1
29 L 4 11  1
29 D 779 11  1
0 L 0 293  1
0 D 780 293  1
1 L 8 42  1
1 D 781 42  1
2 L 8 22  1
2 D 782 22  1
3 L 5 16  1
3 D 783 16  1
4 L 2 84  1
4 D 784 84  1
5 L 8 66  1
5 D 785 66  1
6 L 3 100  1
6 D 786 100  1
7 L 1 345  1
7 D 787 345  1
8 L 1 54  1
8 D 788 54  1
9 L 3 263  1
9 D 789 263  1
10 L 9 116  1
10 D 790 116  1
11 L 3 18  1
11 D 791 18  1
12 L 0 31  1
12 D 792 31  1
13 L 3 20  1
13 D 793 20  1
14 L 9 12  1
14 D 794 12  1
15 L 7 19  1
15 D 795 19  1
16 L 9 45  1
16 D 796 45  1
17 L 7 37  1
17 D 797 37  1
18 L 0 129  1
18 D 798 129  1
19 L 4 122  1
19 D 799 122  1
20 L 4 35  1
20 D 800 35  1
21 L 0 31  1
21 D 801 31  1
22 L 3 96  1
22 D 802 96  1
23 L 2 7  1
23 D 803 7  1
24 L 4 201  1
24 D 804 201  1
25 L 3 27  1
25 D 805 27  1
26 L 9 12  1
26 D 806 12  1
27 L 0 61  1
27 D 807 61  1
28 L 5 71  1
28 D 808 71  1
29 L 9 96  1
29 D 809 96  1
0 L 3 117  1
0 D 810 117  1
1 L 6 186  2
1 D 811 186  2
2 L 5 26  1
2 D 812 26  1
3 L 9 45  1
3 D 813 45  1
4 L 0 114  1
4 D 814 114  1
5 L 1 28  1
5 D 815 28  1
6 L 7 289  1
6 D 816 289  1
7 L 6 107  1
7 D 817 107  1
8 L 3 18  1
8 D 818 18  1
9 L 8 41  1
9 D 819 41  1
10 L 8 161  1
10 D 820 161  1
11 L 1 147  1
11 D 821 147  1
12 L 9 160  1
12 D 822 160  1
13 L 5 113  1
13 D 823 113  1
14 L 7 68  2
14 D 824 68  2
15 L 2 222  1
15 D 825 222  1
16 L 1 37  1
16 D 826 37  1
17 L 3 18  1
17 D 827 18  1
18 L 0 31  1
18 D 828 31  1
19 L 4 162  1
19 D 829 162  1
20 L 9 29  1
20 D 830 29  1
21 L 8 2  1
21 D 831 2  1
22 L 3 80  1
22 D 832 80  1
23 L 3 18  1
23 D 833 18  1
24 L 5 71  1
24 D 834 71  1
25 L 4 104  1
25 D 835 104  1
26 L 8 41  1
26 D 836 41  1
27 L 0 16  1
27 D 837 16  1
28 L 3 32  1
28 D 838 32  1
29 L 4 88  1
29 D 839 88  1
0 L 2 254  1
0 D 840 254  1
1 L 2 7  1
1 D 841 7  1
2 L 3 48  1
2 D 842 48  1
3 L 5 200  1
3 D 843 200  1
4 L 4 11  1
4 D 844 11  1
5 L 1 28  1
5 D 845 28  1
6 L 8 10  1
6 D 846 10  1
7 L 1 28  1
7 D 847 28  1
8 L 9 48  1
8 D 848 48  1
9 L 2 15  1
9 D 849 15  1
10 L 9 12  1
10 D 850 12  1
11 L 3 18  1
11 D 851 18  1
12 L 4 104  1
12 D 852 104  1
13 L 5 71  1
13 D 853 71  1
14 L 0 106  1
14 D 854 106  1
15 L 8 67  1
15 D 855 67  1
16 L 6 142  1
16 D 856 142  1
17 L 8 66  1
17 D 857 66  1
18 L 5 1  1
18 D 858 1  1
19 L 9 14  1
19 D 859 14  1
20 L 4 86  1
20 D 860 86  1
21 L 3 172  1
21 D 861 172  1
22 L 4 57  1
22 D 862 57  1
23 L 1 2  1
23 D 863 2  1
24 L 4 32  1
24 D 864 32  1
25 L 9 40  1
25 D 865 40  1
26 L 9 26  1
26 D 866 26  1
27 L 2 17  1
27 D 867 17  1
29 L 9 109  1
29 D 869 109  1
0 L 3 122  1
0 D 870 122  1
2 L 9 15  1
2 D 872 15  1
3 L 7 16  1
3 D 873 16  1
4 L 6 51  1
4 D 874 51  1
5 L 6 83  1
5 D 875 83  1
6 L 4 110  1
6 D 876 110  1
7 L 1 2  1
7 D 877 2  1
8 L 1 8  1
8 D 878 8  1
9 L 5 71  1
9 D 879 71  1
10 L 6 26  1
10 D 880 26  1
11 L 3 63  1
11 D 881 63  1
12 L 2 30  1
12 D 882 30  1
13 L 5 151  1
13 D 883 151  1
14 L 2 15  1
14 D 884 15  1
15 L 6 114  1
15 D 885 114  1
16 L 0 26  1
16 D 886 26  1
17 L 3 228  1
17 D 887 228  1
18 L 9 14  1
18 D 888 14  1
19 L 6 255  1
19 D 889 255  1
20 L 9 14  1
20 D 890 14  1
21 L 8 41  1
21 D 891 41  1
22 L 3 85  1
22 D 892 85  1
23 L 6 107  1
23 D 893 107  1
24 L 3 104  1
24 D 894 104  1
25 L 4 86  1
25 D 895 86  1
26 L 5 61  1
26 D 896 61  1
27 L 3 70  1
27 D 897 70  1
28 L 4 81  1
28 D 898 81  1
29 L 0 31  1
29 D 899 31  1
0 L 8 130  1
0 D 900 130  1
1 L 9 64  1
1 D 901 64  1
2 L 2 49  1
2 D 902 49  1
3 L 7 26  1
3 D 903 26  1
4 L 6 117  1
4 D 904 117  1
5 L 5 71  1
5 D 905 71  1
6 L 2 52  1
6 D 906 52  1
8 L 5 83  1
8 D 908 83  1
9 L 3 6  1
9 D 909 6  1
10 L 0 62  1
10 D 910 62  1
11 L 2 30  1
11 D 911 30  1
12 L 2 56  1
12 D 912 56  1
13 L 7 163  1
13 D 913 163  1
14 L 4 32  1
14 D 914 32  1
15 L 1 39  1
15 D 915 39  1
16 L 9 116  1
16 D 916 116  1
17 L 1 64  1
17 D 917 64  1
19 L 3 110  1
19 D 919 110  1
20 L 8 5  1
20 D 920 5  1
21 L 9 251  1
21 D 921 251  1
22 L 2 30  1
22 D 922 30  1
23 L 2 87  1
23 D 923 87  1
24 L 2 10  1
24 D 924 10  1
25 L 0 119  1
25 D 925 119  1
26 L 7 32  1
26 D 926 32  1
27 L 6 88  1
27 D 927 88  1
28 L 9 60  1
28 D 928 60  1
29 L 7 220  1
29 D 929 220  1
0 L 9 21  1
0 D 930 21  1
1 L 5 23  1
1 D 931 23  1
2 L 9 116  1
2 D 932 116  1
3 L 8 41  1
3 D 933 41  1
4 L 9 14  1
4 D 934 14  1
5 L 9 126  1
5 D 935 126  1
6 L 3 62  1
6 D 936 62  1
7 L 1 4  1
7 D 937 4  1
8 L 6 90  1
8 D 938 90  1
9 L 4 317  1
9 D 939 317  1
10 L 1 28  1
10 D 940 28  1
11 L 5 52  1
11 D 941 52  1
12 L 5 37  1
12 D 942 37  1
13 L 7 16  1
13 D 943 16  1
14 L 9 35  1
14 D 944 35  1
15 L 6 53  1
15 D 945 53  1
16 L 7 16  1
16 D 946 16  1
17 L 2 55  1
17 D 947 55  1
18 L 5 63  1
18 D 948 63  1
19 L 8 5  1
19 D 949 5  1
20 L 6 51  1
20 D 950 51  1
21 L 4 122  1
21 D 951 122  1
22 L 1 54  1
22 D 952 54  1
23 L 4 129  1
23 D 953 129  1
24 L 1 39  1
24 D 954 39  1
25 L 5 21  1
25 D 955 21  1
26 L 0 123  1
26 D 956 123  1
27 L 3 27  1
27 D 957 27  1
28 L 9 14  1
28 D 958 14  1
29 L 8 15  1
29 D 959 15  1
0 L 5 52  1
0 D 960 52  1
1 L 5 151  1
1 D 961 151  1
2 L 8 5  1
2 D 962 5  1
3 L 0 31  1
3 D 963 31  1
4 L 4 100  1
4 D 964 100  1
5 L 5 83  1
5 D 965 83  1
6 L 8 41  1
6 D 966 41  1
7 L 5 71  1
7 D 967 71  1
8 L 6 90  1
8 D 968 90  1
9 L 0 31  1
9 D 969 31  1
10 L 4 78  1
10 D 970 78  1
11 L 8 67  1
11 D 971 67  1
12 L 6 15  1
12 D 972 15  1
13 L 3 81  1
13 D 973 81  1
14 L 5 64  1
14 D 974 64  1
15 L 1 32  1
15 D 975 32  1
16 L 6 15  1
16 D 976 15  1
17 L 9 58  1
17 D 977 58  1
18 L 7 19  1
18 D 978 19  1
19 L 4 126  1
19 D 979 126  1
20 L 6 382  1
20 D 980 382  1
21 L 7 24  1
21 D 981 24  1
22 L 9 128  1
22 D 982 128  1
23 L 7 19  1
23 D 983 19  1
24 L 0 203  1
24 D 984 203  1
25 L 9 10  1
25 D 985 10  1
26 L 2 7  1
26 D 986 7  1
27 L 3 27  1
27 D 987 27  1
28 L 9 50  1
28 D 988 50  1
29 L 5 290  1
29 D 989 290  1
0 L 7 98  1
0 D 990 98  1
1 L 7 32  1
1 D 991 32  1
2 L 3 285  1
2 D 992 285  1
3 L 6 90  1
3 D 993 90  1
4 L 6 17  1
4 D 994 17  1
5 L 2 8  1
5 D 995 8  1
6 L 2 44  1
6 D 996 44  1
7 L 3 27  1
7 D 997 27  1
9 L 7 126  1
9 D 999 126  1
10 L 8 22  1
10 D 1000 22  1
11 L 9 25  1
11 D 1001 25  1
12 L 8 15  1
12 D 1002 15  1
13 L 7 97  1
13 D 1003 97  1
14 L 3 111  1
14 D 1004 111  1
15 L 7 68  1
15 D 1005 68  1
16 L 1 28  1
16 D 1006 28  1
17 L 5 230  1
17 D 1007 230  1
18 L 0 16  1
18 D 1008 16  1
19 L 9 25  1
19 D 1009 25  1
20 L 8 41  1
20 D 1010 41  1
21 L 8 5  1
21 D 1011 5  1
22 L 1 15  1
22 D 1012 15  1
23 L 7 52  1
23 D 1013 52  1
24 L 6 89  1
24 D 1014 89  1
25 L 8 67  1
25 D 1015 67  1
27 L 7 70  1
27 D 1017 70  1
28 L 8 10  1
28 D 1018 10  1
29 L 6 89  1
29 D 1019 89  1
0 L 4 99  1
0 D 1020 99  1
0 L 4 99  1
0 D 1020 99  1
1 L 2 49  1
1 D 1021 49  1
2 L 6 142  1
2 D 1022 142  1
3 L 8 8  1
3 D 1023 8  1
4 L 7 64  1
4 D 1024 64  1
5 L 6 21  1
5 D 1025 21  1
6 L 3 36  1
6 D 1026 36  1
7 L 4 9  1
7 D 1027 9  1
8 L 1 28  1
8 D 1028 28  1
9 L 5 71  1
9 D 1029 71  1
10 L 1 54  1
10 D 1030 54  1
11 L 8 66  1
11 D 1031 66  1
14 L 7 52  1
14 D 1034 52  1
15 L 5 64  1
15 D 1035 64  1
16 L 2 7  1
16 D 1036 7  1
17 L 8 52  1
17 D 1037 52  1
18 L 4 85  1
18 D 1038 85  1
19 L 9 3  1
19 D 1039 3  1
20 L 1 28  1
20 D 1040 28  1
21 L 2 49  1
21 D 1041 49  1
22 L 6 142  1
22 D 1042 142  1
23 L 2 30  1
23 D 1043 30  1
24 L 0 38  1
24 D 1044 38  1
26 L 5 81  1
26 D 1046 81  1
28 L 8 52  1
28 D 1048 52  1
29 L 7 127  1
29 D 1049 127  1
0 L 5 71  1
0 D 1050 71  1
1 L 0 17  1
1 D 1051 17  1
2 L 5 48  1
2 D 1052 48  1
3 L 0 122  1
3 D 1053 122  1
4 L 3 27  1
4 D 1054 27  1
5 L 6 76  1
5 D 1055 76  1
6 L 7 19  1
6 D 1056 19  1
7 L 0 48  1
7 D 1057 48  1
8 L 0 63  1
8 D 1058 63  1
9 L 2 173  1
9 D 1059 173  1
10 L 6 51  1
10 D 1060 51  1
11 L 5 43  1
11 D 1061 43  1
12 L 9 172  1
12 D 1062 172  1
13 L 3 233  1
13 D 1063 233  1
14 L 5 45  1
14 D 1064 45  1
15 L 9 50  1
15 D 1065 50  1
16 L 7 32  1
16 D 1066 32  1
17 L 8 125  1
17 D 1067 125  1
18 L 6 90  1
18 D 1068 90  1
19 L 4 75  1
19 D 1069 75  1
21 L 6 51  1
21 D 1071 51  1
22 L 1 17  1
22 D 1072 17  1
23 L 3 45  1
23 D 1073 45  1
25 L 0 72  1
25 D 1075 72  1
26 L 4 81  1
26 D 1076 81  1
28 L 5 35  1
28 D 1078 35  1
29 L 1 15  1
29 D 1079 15  1
0 L 1 123  1
0 D 1080 123  1
1 L 3 45  1
1 D 1081 45  1
2 L 7 105  1
2 D 1082 105  1
3 L 6 104  1
3 D 1083 104  1
4 L 1 35  1
4 D 1084 35  1
5 L 7 35  1
5 D 1085 35  1
6 L 2 30  1
6 D 1086 30  1
7 L 5 65  1
7 D 1087 65  1
8 L 6 362  1
8 D 1088 362  1
9 L 3 60  1
9 D 1089 60  1
10 L 9 29  1
10 D 1090 29  1
11 L 1 54  1
11 D 1091 54  1
13 L 1 32  1
13 D 1093 32  1
14 L 3 6  1
14 D 1094 6  1
15 L 0 57  1
15 D 1095 57  1
16 L 3 46  1
16 D 1096 46  1
17 L 2 48  1
17 D 1097 48  1
18 L 9 263  1
18 D 1098 263  1
19 L 1 28  1
19 D 1099 28  1
20 L 4 126  1
20 D 1100 126  1
21 L 3 37  1
21 D 1101 37  1
22 L 5 45  1
22 D 1102 45  1
23 L 3 154  1
23 D 1103 154  1
25 L 4 78  1
25 D 1105 78  1
26 L 8 41  2
26 D 1106 41  2
27 L 6 51  1
27 D 1107 51  1
28 L 7 145  1
28 D 1108 145  1
29 L 5 71  1
29 D 1109 71  1
0 L 2 7  1
0 D 1110 7  1
1 L 8 41  1
1 D 1111 41  1
2 L 3 6  1
2 D 1112 6  1
4 L 7 105  1
4 D 1114 105  1
5 L 9 10  1
5 D 1115 10  1
6 L 2 158  1
6 D 1116 158  1
7 L 2 49  1
7 D 1117 49  1
8 L 7 105  1
8 D 1118 105  1
9 L 2 166  1
9 D 1119 166  1
10 L 5 23  1
10 D 1120 23  1
11 L 6 167  1
11 D 1121 167  1
12 L 7 16  1
12 D 1122 16  1
13 L 6 200  1
13 D 1123 200  1
14 L 2 46  1
14 D 1124 46  1
15 L 0 45  1
15 D 1125 45  1
16 L 1 54  1
16 D 1126 54  1
18 L 6 219  1
18 D 1128 219  1
19 L 9 38  1
19 D 1129 38  1
20 L 5 71  1
20 D 1130 71  1
21 L 2 16  1
21 D 1131 16  1
22 L 9 25  1
22 D 1132 25  1
23 L 7 145  1
23 D 1133 145  1
24 L 2 26  1
24 D 1134 26  1
25 L 1 32  1
25 D 1135 32  1
26 L 9 46  1
26 D 1136 46  1
27 L 8 41  1
27 D 1137 41  1
28 L 1 28  1
28 D 1138 28  1
29 L 3 27  1
29 D 1139 27  1
0 L 4 11  1
0 D 1140 11  1
1 L 0 72  1
1 D 1141 72  1
2 L 2 60  1
2 D 1142 60  1
3 L 0 57  1
3 D 1143 57  1
4 L 7 105  1
4 D 1144 105  1
6 L 9 58  1
6 D 1146 58  1
7 L 0 31  1
7 D 1147 31  1
8 L 8 41  1
8 D 1148 41  1
9 L 3 27  1
9 D 1149 27  1
10 L 0 157  1
10 D 1150 157  1
11 L 3 208  1
11 D 1151 208  1
12 L 0 104  1
12 D 1152 104  1
13 L 4 112  1
13 D 1153 112  1
14 L 1 349  1
14 D 1154 349  1
15 L 2 30  1
15 D 1155 30  1
16 L 4 78  1
16 D 1156 78  1
17 L 7 229  1
17 D 1157 229  1
18 L 0 92  1
18 D 1158 92  1
19 L 3 27  1
19 D 1159 27  1
20 L 4 100  1
20 D 1160 100  1
21 L 6 53  1
21 D 1161 53  1
22 L 8 16  1
22 D 1162 16  1
23 L 3 75  1
23 D 1163 75  1
24 L 1 28  1
24 D 1164 28  1
25 L 4 86  1
25 D 1165 86  1
26 L 2 49  1
26 D 1166 49  1
27 L 8 22  1
27 D 1167 22  1
29 L 8 165  1
29 D 1169 165  1
0 L 5 64  1
0 D 1170 64  1
1 L 4 11  1
1 D 1171 11  1
2 L 8 5  1
2 D 1172 5  1
3 L 1 61  1
3 D 1173 61  1
4 L 1 54  1
4 D 1174 54  1
5 L 1 54  1
5 D 1175 54  1
6 L 9 129  1
6 D 1176 129  1
7 L 1 28  1
7 D 1177 28  1
8 L 8 67  1
8 D 1178 67  1
9 L 5 184  1
9 D 1179 184  1
11 L 3 126  1
11 D 1181 126  1
12 L 3 76  1
12 D 1182 76  1
13 L 8 26  1
13 D 1183 26  1
14 L 2 221  1
14 D 1184 221  1
15 L 1 15  1
15 D 1185 15  1
16 L 6 262  1
16 D 1186 262  1
17 L 9 58  1
17 D 1187 58  1
18 L 5 46  1
18 D 1188 46  1
19 L 7 19  1
19 D 1189 19  1
19 L 7 19  1
19 D 1189 19  1
20 L 1 50  1
20 D 1190 50  1
22 L 8 16  1
22 D 1192 16  1
23 L 9 52  1
23 D 1193 52  1
24 L 2 7  1
24 D 1194 7  1
25 L 6 136  1
25 D 1195 136  1
26 L 1 15  1
26 D 1196 15  1
27 L 6 43  1
27 D 1197 43  1
29 L 9 10  1
29 D 1199 10  1
1 L 4 76  1
1 D 1201 76  1
2 L 2 30  1
2 D 1202 30  1
3 L 9 237  1
3 D 1203 237  1
6 L 5 109  1
6 D 1206 109  1
7 L 1 28  1
7 D 1207 28  1
8 L 8 41  1
8 D 1208 41  1
9 L 8 70  1
9 D 1209 70  1
10 L 1 16  1
10 D 1210 16  1
11 L 2 17  1
11 D 1211 17  1
12 L 4 133  1
12 D 1212 133  1
13 L 1 28  1
13 D 1213 28  1
14 L 5 191  1
14 D 1214 191  1
15 L 6 50  1
15 D 1215 50  1
16 L 3 60  1
16 D 1216 60  1
17 L 6 89  1
17 D 1217 89  1
19 L 5 47  1
19 D 1219 47  1
20 L 7 99  1
20 D 1220 99  1
22 L 5 64  1
22 D 1222 64  1
23 L 2 49  1
23 D 1223 49  1
24 L 5 63  1
24 D 1224 63  1
25 L 3 126  1
25 D 1225 126  1
26 L 2 49  1
26 D 1226 49  1
27 L 8 66  1
27 D 1227 66  1
28 L 9 29  1
28 D 1228 29  1
29 L 8 41  1
29 D 1229 41  1
0 L 9 114  1
0 D 1230 114  1
1 L 0 31  1
1 D 1231 31  1
2 L 7 97  1
2 D 1232 97  1
3 L 7 88  1
3 D 1233 88  1
4 L 0 104  1
4 D 1234 104  1
5 L 7 97  1
5 D 1235 97  1
6 L 7 68  1
6 D 1236 68  1
8 L 9 265  1
8 D 1238 265  1
9 L 2 32  1
9 D 1239 32  1
10 L 2 30  1
10 D 1240 30  1
11 L 9 104  1
11 D 1241 104  1
12 L 3 285  1
12 D 1242 285  1
13 L 1 21  1
13 D 1243 21  1
14 L 0 33  1
14 D 1244 33  1
15 L 0 48  1
15 D 1245 48  1
16 L 6 57  1
16 D 1246 57  1
17 L 3 6  1
17 D 1247 6  1
18 L 5 62  1
18 D 1248 62  1
19 L 1 15  1
19 D 1249 15  1
