0 L 3 6  1
0 D 0 6  1
1 L 0 163  1
1 D 1 163  1
2 L 0 81  1
2 D 2 81  1
3 L 0 37  1
3 D 3 37  1
4 L 3 18  1
4 D 4 18  1
5 L 0 43  1
5 D 5 43  1
6 L 2 55  1
6 D 6 55  1
7 L 2 49  1
7 D 7 49  1
8 L 0 16  1
8 D 8 16  1
9 L 0 83  1
9 D 9 83  1
10 L 0 10  1
10 D 10 10  1
11 L 0 230  1
11 D 11 230  1
12 L 2 30  1
12 D 12 30  1
13 L 0 26  1
13 D 13 26  1
14 L 0 17  1
14 D 14 17  1
15 L 0 21  1
15 D 15 21  1
16 L 0 35  1
16 D 16 35  1
17 L 0 10  1
17 D 17 10  1
18 L 5 344  1
18 D 18 344  1
19 L 0 109  1
19 D 19 109  1
20 L 0 15  2
20 D 20 15  2
21 L 2 84  1
21 D 21 84  1
22 L 0 43  1
22 D 22 43  1
23 L 6 51  1
23 D 23 51  1
24 L 0 114  1
24 D 24 114  1
25 L 1 198  1
25 D 25 198  1
26 L 0 21  1
26 D 26 21  1
27 L 0 8  1
27 D 27 8  1
28 L 0 52  1
28 D 28 52  1
29 L 6 89  1
29 D 29 89  1
